

best fitness achieved 0.00018545269182049088
nickinack@Karthiks-MBP-2 assignment2 % python3 main.py
(9563.967326909518, 22751.456524548223)
[1.47796042e+10 1.60004425e+10 1.71459767e+10 1.89836961e+10
 2.21967791e+10 2.58325499e+10 3.23838866e+10 3.26057927e+10
 4.85646265e+10 5.00636051e+10 5.40929868e+10 8.66614164e+10
 9.29777222e+10 1.11536557e+11 1.16249487e+11 1.28085163e+11
 1.83691179e+11 1.99608647e+11 2.19293111e+11 2.54429286e+11
 2.66726980e+11 2.83153025e+11 3.20118621e+11 3.23995916e+11
 3.40878427e+11] [2.04074049e+11 2.11503990e+11 2.38229982e+11 2.53558481e+11
 2.68779783e+11 3.11054407e+11 3.12807777e+11 3.33073377e+11
 3.96251797e+11 4.00565432e+11 4.71482429e+11 4.91920730e+11
 5.65430167e+11 6.34992874e+11 6.46611728e+11 8.07787511e+11
 8.28732211e+11 9.20938833e+11 9.56042026e+11 1.15123705e+12
 1.23359398e+12 1.39045234e+12 1.45948852e+12 1.55808459e+12
 1.57599145e+12]


------init---------
1.0111690489350161e-12
[1.50483366e+10 1.50567190e+10 1.72612989e+10 1.74851265e+10
 1.82996687e+10 2.10714091e+10 2.11754582e+10 1.05628669e+11
 1.52969182e+11 1.72380262e+11 1.92891272e+11 2.15134349e+11
 2.19481574e+11 2.22975391e+11 2.54429286e+11 2.54429286e+11
 2.72051249e+11 3.15292490e+11 3.80213016e+11 3.80791073e+11
 3.95764287e+11 8.03106683e+11 9.66995712e+11 3.68908282e+14
 3.71843172e+14] [2.03803090e+11 2.10657520e+11 2.25546063e+11 2.26129631e+11
 2.41518578e+11 2.43247880e+11 2.58674429e+11 2.68779783e+11
 2.68779783e+11 2.87604570e+11 2.90719942e+11 2.93894513e+11
 2.95352752e+11 2.96333234e+11 2.97461918e+11 3.06135190e+11
 3.53067510e+11 3.53599044e+11 3.65077420e+11 3.65627690e+11
 4.26964636e+11 9.03408398e+11 3.29915160e+12 6.95013462e+14
 7.00818350e+14]


[1.45227561e+10 1.62131022e+10 1.65598806e+10 1.76791074e+10
 1.89944546e+10 2.02603951e+10 2.26843371e+10 2.40583980e+10
 2.56765417e+10 9.59148748e+10 9.68708053e+10 1.05628669e+11
 1.34803428e+11 1.56448609e+11 1.63033755e+11 1.68869565e+11
 1.86036172e+11 2.51574043e+11 2.52620621e+11 2.58634272e+11
 2.99184716e+11 3.05955422e+11 3.38302763e+11 4.73445017e+11
 7.98253072e+17] [1.91588817e+11 1.98680591e+11 2.03803090e+11 2.06879670e+11
 2.09934379e+11 2.11850907e+11 2.12809581e+11 2.34293802e+11
 2.55860201e+11 2.58511404e+11 2.63896293e+11 2.75358413e+11
 2.85930187e+11 2.92584814e+11 2.93124275e+11 3.02553182e+11
 3.07398593e+11 3.12031803e+11 3.35282747e+11 3.60711004e+11
 3.73618695e+11 4.26404255e+11 4.66808728e+11 4.92501575e+11
 1.52933166e+18]


[1.44522914e+10 1.58432894e+10 1.75056022e+10 4.28930840e+10
 7.77795866e+10 9.03435141e+10 9.21275083e+10 9.59148748e+10
 9.59148748e+10 9.68708053e+10 9.86048494e+10 1.01316529e+11
 1.02614186e+11 1.36790790e+11 1.38353918e+11 1.71774442e+11
 1.99618937e+11 2.24898960e+11 2.25323618e+11 2.95127569e+11
 4.43564356e+11 4.79736385e+11 5.97005978e+11 8.11062319e+11
 1.66558479e+18] [1.91588817e+11 1.91632267e+11 1.98652049e+11 1.98680591e+11
 1.98680591e+11 1.98767683e+11 2.02363617e+11 2.03401400e+11
 2.12484434e+11 2.13227020e+11 2.13260156e+11 2.29026805e+11
 2.30246507e+11 2.52709069e+11 2.63266751e+11 2.93888856e+11
 3.06490804e+11 3.07155712e+11 3.47945712e+11 4.52456772e+11
 4.91155577e+11 6.60141907e+11 8.07042156e+11 9.45559034e+11
 3.19172429e+18]


[1.45060775e+10 1.95749946e+10 6.24909953e+10 7.77795866e+10
 8.94159209e+10 9.03435141e+10 9.03435141e+10 9.09075009e+10
 9.39422155e+10 9.48359010e+10 9.51844273e+10 9.57855487e+10
 9.64359028e+10 9.64670373e+10 9.85716358e+10 9.86048494e+10
 9.86048494e+10 9.86145477e+10 9.98306973e+10 1.00504071e+11
 1.35359350e+11 1.89116159e+11 7.15807491e+11 3.60881925e+14
 1.53379098e+30] [1.90760115e+11 1.91632267e+11 1.91632267e+11 1.91647830e+11
 1.92684605e+11 1.92700741e+11 1.92716508e+11 1.93566529e+11
 1.97525532e+11 1.97642240e+11 1.98178192e+11 1.98618418e+11
 1.98767683e+11 1.98767683e+11 1.99104345e+11 1.99755486e+11
 2.02363617e+11 2.07351157e+11 2.11704863e+11 2.27487752e+11
 3.56675384e+11 3.76770054e+11 7.47513291e+11 6.79941258e+14
 1.56079566e+30]


curr_generation:  5
best weights:  [ 0.00000000e+00 -1.44268308e-12 -2.28808832e-13  4.66540005e-11
 -8.49927609e-07 -1.83661065e-15  8.49732932e-16  2.21855306e-05
 -2.03407632e-06 -1.57880018e-08  9.84623057e-10]
best fitness:  6.693122695021969e-12
-------------
[2.20251340e+10 5.91284862e+10 6.24909953e+10 6.38859174e+10
 6.38865506e+10 7.72560075e+10 7.77880176e+10 8.06204099e+10
 8.08259913e+10 8.86046254e+10 8.94003054e+10 9.00696336e+10
 9.52811001e+10 9.60363860e+10 9.65399839e+10 9.84940704e+10
 9.86048502e+10 9.87955230e+10 9.98520304e+10 1.69375125e+11
 6.35452322e+11 3.19296424e+14 3.53337300e+14 8.04233610e+17
 1.49874710e+30] [1.90745267e+11 1.91590886e+11 1.91632267e+11 1.91684267e+11
 1.92646896e+11 1.92948604e+11 1.98393695e+11 1.98931590e+11
 1.99680366e+11 1.99772551e+11 2.00103008e+11 2.00251227e+11
 2.02362124e+11 2.02552372e+11 2.06550012e+11 2.06550298e+11
 2.07351157e+11 2.09503835e+11 2.14273814e+11 2.74638055e+11
 6.52872727e+11 5.99675775e+14 6.64730930e+14 1.54078200e+18
 1.52513478e+30]


[5.52754822e+10 5.91284862e+10 5.95311183e+10 6.07352394e+10
 6.16785490e+10 6.19984856e+10 6.39874253e+10 6.77152008e+10
 6.81156883e+10 6.83732538e+10 7.69720701e+10 8.95625033e+10
 8.96752415e+10 9.75413303e+10 1.00991786e+11 1.04159724e+11
 1.10119799e+11 1.54958596e+11 3.39647618e+11 5.24042170e+11
 1.84820271e+21 1.90108757e+21 1.49711153e+30 1.51716816e+30
 1.53143872e+30] [1.90326190e+11 1.90923631e+11 1.91234326e+11 1.91316327e+11
 1.98721001e+11 1.98799913e+11 2.02749866e+11 2.04208597e+11
 2.04399446e+11 2.04577015e+11 2.07573711e+11 2.08043439e+11
 2.08364426e+11 2.08834134e+11 2.09312553e+11 2.09503835e+11
 2.12370692e+11 2.14011391e+11 3.84042231e+11 5.14357841e+11
 3.49652037e+21 3.59657182e+21 1.52347042e+30 1.54388016e+30
 1.55840199e+30]


[2.27018594e+10 3.84749388e+10 5.91284862e+10 5.95028455e+10
 6.00376352e+10 6.00661888e+10 6.16266936e+10 6.16873289e+10
 6.25343397e+10 6.25886959e+10 6.31003358e+10 6.31269250e+10
 6.38029633e+10 6.44050160e+10 6.66745547e+10 8.64747301e+10
 8.90465832e+10 9.15790562e+10 9.96281796e+10 1.00400673e+11
 1.08865883e+11 1.82148698e+11 1.88532754e+11 7.88636378e+17
 1.52141641e+30] [1.90400812e+11 1.90796840e+11 1.91895469e+11 1.98609885e+11
 1.98633821e+11 1.98873679e+11 2.05021642e+11 2.07327227e+11
 2.07557290e+11 2.07809179e+11 2.08315345e+11 2.08334320e+11
 2.08363113e+11 2.08860029e+11 2.08891432e+11 2.09302612e+11
 2.09302957e+11 2.09313284e+11 2.09503835e+11 2.31607935e+11
 2.32224499e+11 2.32279752e+11 2.70931983e+11 1.51088849e+18
 1.54820322e+30]


[1.51048102e+10 5.85328711e+10 5.87343792e+10 5.89199506e+10
 6.11740704e+10 6.16726242e+10 6.17051223e+10 6.20337415e+10
 6.21177396e+10 6.22480061e+10 6.23003908e+10 6.25405350e+10
 6.55987150e+10 6.56349758e+10 6.83445962e+10 6.91114039e+10
 8.69256901e+10 9.25872406e+10 9.34820409e+10 9.41414738e+10
 9.91381355e+10 9.94866380e+10 1.46968931e+30 1.53898830e+30
 1.55747689e+30] [1.88854998e+11 1.89158718e+11 1.90798725e+11 1.91433683e+11
 1.91818758e+11 2.02697079e+11 2.03258869e+11 2.03978482e+11
 2.06861763e+11 2.06867469e+11 2.07699468e+11 2.07714719e+11
 2.08158969e+11 2.08307924e+11 2.08360986e+11 2.08863609e+11
 2.08944429e+11 2.09703536e+11 2.09805121e+11 2.09888830e+11
 2.12025843e+11 3.19062031e+11 1.49556539e+30 1.56608449e+30
 1.58489860e+30]


[5.89215671e+10 5.89614267e+10 5.92734458e+10 5.95734963e+10
 6.04143476e+10 6.17436957e+10 6.19915555e+10 6.23894551e+10
 6.23943217e+10 6.25015704e+10 6.25827513e+10 6.38995168e+10
 6.47585646e+10 6.91114039e+10 9.18488856e+10 9.39384999e+10
 1.03860437e+11 1.19725105e+11 4.18066746e+11 4.96148077e+11
 3.10040855e+14 3.94068555e+14 8.17888892e+17 1.50198303e+30
 1.54287451e+30] [1.85944957e+11 1.88631743e+11 1.89408167e+11 2.02697079e+11
 2.07141771e+11 2.07417865e+11 2.07655429e+11 2.07675527e+11
 2.07859792e+11 2.07928958e+11 2.07990220e+11 2.08060809e+11
 2.09201062e+11 2.09340583e+11 2.09378480e+11 2.09565632e+11
 2.09589738e+11 2.13035551e+11 4.67333010e+11 5.60532255e+11
 5.82554990e+14 7.43139826e+14 1.56695010e+18 1.52842769e+30
 1.57003912e+30]


curr_generation:  10
best weights:  [ 0.00000000e+00 -2.08590123e-08 -2.31349625e-13 -5.82963499e-11
 -1.33376280e-06 -1.83868427e-15  8.39739323e-16  2.23028691e-05
 -2.03644821e-06 -1.58121482e-08  9.84453811e-10]
best fitness:  6.6995925266027254e-12
-------------
[2.51547859e+10 5.80351473e+10 5.87953757e+10 5.95869700e+10
 5.99073327e+10 5.99081211e+10 5.99392340e+10 5.99399911e+10
 5.99535307e+10 6.09752507e+10 6.25209242e+10 6.25712064e+10
 6.34744973e+10 6.40855414e+10 6.45594645e+10 6.83988580e+10
 6.91114039e+10 7.02674321e+10 7.02890669e+10 7.07200590e+10
 9.14536059e+10 9.17472984e+10 9.51162816e+10 2.76980818e+11
 1.94349609e+21] [1.88257279e+11 1.89452742e+11 1.89494054e+11 2.01365339e+11
 2.01610435e+11 2.01622562e+11 2.02697079e+11 2.03290188e+11
 2.06016643e+11 2.06767807e+11 2.07187542e+11 2.08008843e+11
 2.08023156e+11 2.08786052e+11 2.08876029e+11 2.08887529e+11
 2.08888207e+11 2.08914622e+11 2.08915292e+11 2.09189458e+11
 2.09651369e+11 2.10121686e+11 2.55832067e+11 3.19949352e+11
 3.67680291e+21]


[3.12816442e+10 5.59208027e+10 5.80351473e+10 5.80351473e+10
 5.88403978e+10 5.89450255e+10 5.90472965e+10 5.90719427e+10
 5.90897231e+10 5.98481809e+10 6.09757970e+10 6.13327459e+10
 6.42209769e+10 6.64101484e+10 6.65487080e+10 6.97401616e+10
 7.01226446e+10 7.02408990e+10 7.28247545e+10 9.47623872e+10
 4.27103555e+11 1.45818551e+30 1.51973893e+30 1.55214029e+30
 1.61092143e+30] [1.88373560e+11 2.00512958e+11 2.01705352e+11 2.02078013e+11
 2.02157472e+11 2.04848961e+11 2.04910928e+11 2.05619713e+11
 2.05948721e+11 2.07580880e+11 2.08965697e+11 2.09588469e+11
 2.09648626e+11 2.09654295e+11 2.09699503e+11 2.09841400e+11
 2.10121686e+11 2.10121686e+11 2.12346344e+11 4.53085462e+11
 5.11564866e+11 1.48385904e+30 1.54649620e+30 1.57946803e+30
 1.63928411e+30]


[1.49186698e+10 5.79116368e+10 5.83863290e+10 5.90700737e+10
 5.90916264e+10 5.91106589e+10 5.92441907e+10 5.92957625e+10
 5.95457105e+10 5.99188217e+10 6.00882814e+10 6.01591377e+10
 6.01591377e+10 6.05258424e+10 6.09757970e+10 6.10246014e+10
 6.67980642e+10 7.11977164e+10 7.20493894e+10 7.24530241e+10
 7.45002027e+10 9.49301774e+10 2.24199419e+11 7.86062258e+17
 1.88610078e+21] [2.00244409e+11 2.00576956e+11 2.00695096e+11 2.00913784e+11
 2.01097577e+11 2.05619713e+11 2.06205528e+11 2.07843765e+11
 2.08420044e+11 2.08713668e+11 2.08713668e+11 2.08770850e+11
 2.08908196e+11 2.09237036e+11 2.09423522e+11 2.09476202e+11
 2.09581489e+11 2.09643351e+11 2.09661281e+11 2.09843112e+11
 2.10678664e+11 2.62847742e+11 3.82395155e+11 1.50595547e+18
 3.56821886e+21]


[2.01919273e+10 4.17166045e+10 4.36746627e+10 5.81212020e+10
 5.83567535e+10 5.84533760e+10 5.84901848e+10 5.93256908e+10
 6.00812365e+10 6.05514893e+10 6.07302189e+10 6.07311190e+10
 6.09711824e+10 6.09757970e+10 6.09932213e+10 6.10605718e+10
 6.10716331e+10 6.11628904e+10 6.13306360e+10 6.13417594e+10
 7.15287116e+10 7.54004574e+10 4.62744030e+11 3.96989365e+14
 1.51018624e+30] [1.99289653e+11 2.00919612e+11 2.05163403e+11 2.05167489e+11
 2.05172281e+11 2.05381019e+11 2.05390020e+11 2.05543991e+11
 2.05619713e+11 2.05629955e+11 2.08043834e+11 2.08080513e+11
 2.08260703e+11 2.09275034e+11 2.09464517e+11 2.09855433e+11
 2.09867311e+11 2.10406838e+11 2.20942222e+11 2.26865287e+11
 2.81823655e+11 5.18642185e+11 6.53046849e+11 7.49007637e+14
 1.53677532e+30]


[4.38498800e+10 5.16625230e+10 5.93503251e+10 5.97602981e+10
 5.98256824e+10 6.06250504e+10 6.07331232e+10 6.07684122e+10
 6.07944330e+10 6.09192243e+10 6.09450623e+10 6.09719705e+10
 6.09719783e+10 6.09750006e+10 6.11368154e+10 6.11628904e+10
 6.13044863e+10 6.19638037e+10 8.13437614e+10 8.16082636e+10
 8.44534228e+10 1.07853686e+11 9.13324838e+11 7.96659272e+17
 2.65234394e+21] [1.99371555e+11 1.99735709e+11 2.01474525e+11 2.04436249e+11
 2.05167489e+11 2.05223062e+11 2.05255255e+11 2.05621481e+11
 2.05628187e+11 2.05628192e+11 2.05633758e+11 2.05655887e+11
 2.05659745e+11 2.05664039e+11 2.06397698e+11 2.07973171e+11
 2.08205454e+11 2.09392102e+11 2.09516876e+11 2.16308278e+11
 2.20702306e+11 7.50963164e+11 1.10091224e+12 1.52629433e+18
 5.01784643e+21]


curr_generation:  15
best weights:  [ 3.43777377e-07  8.37390968e-07 -2.33984811e-13 -8.52143300e-09
 -1.64164900e-06 -1.77882808e-15  3.46025398e-08  2.25506385e-05
 -2.04110393e-06 -1.58509494e-08  9.84246586e-10]
best fitness:  6.782085509908755e-12
-------------
[1.96813407e+10 5.07321796e+10 5.22675209e+10 5.33173630e+10
 5.46262855e+10 5.89407629e+10 5.94890008e+10 5.97477864e+10
 5.97817195e+10 6.02041534e+10 6.07419269e+10 6.07766408e+10
 6.07766408e+10 6.09510493e+10 6.09846823e+10 6.10492070e+10
 6.11219745e+10 6.11564708e+10 6.11758475e+10 6.13193823e+10
 6.19638037e+10 6.31681610e+10 6.32611008e+10 6.32814147e+10
 1.15053710e+11] [1.99438335e+11 2.03612848e+11 2.03626626e+11 2.03700737e+11
 2.04436249e+11 2.05165064e+11 2.05180569e+11 2.05220224e+11
 2.05258126e+11 2.05533875e+11 2.05620281e+11 2.05620290e+11
 2.05983529e+11 2.05983529e+11 2.05997371e+11 2.06259910e+11
 2.06391494e+11 2.06405814e+11 2.07375478e+11 2.08971943e+11
 2.10265464e+11 2.13828770e+11 2.15365058e+11 2.17999174e+11
 4.28185992e+11]


[1.46803337e+10 1.54113698e+10 1.54574018e+10 1.68751919e+10
 1.68956050e+10 1.93408012e+10 3.50415922e+10 4.40557562e+10
 4.41389906e+10 5.15770196e+10 5.84673025e+10 6.00757759e+10
 6.04610468e+10 6.14044681e+10 6.19638037e+10 6.31685004e+10
 6.32668285e+10 7.12605404e+10 7.13225443e+10 7.27114799e+10
 7.27743486e+10 3.36958299e+11 6.30378441e+11 7.97935880e+17
 1.49180798e+30] [2.00482784e+11 2.00501239e+11 2.00931233e+11 2.00951436e+11
 2.03622356e+11 2.03726139e+11 2.04436249e+11 2.05581371e+11
 2.06352549e+11 2.07263198e+11 2.10121264e+11 2.16573413e+11
 2.19181326e+11 2.19285620e+11 2.30421341e+11 2.95443086e+11
 3.11904795e+11 3.39446864e+11 3.53942888e+11 3.74633332e+11
 3.97855208e+11 4.25070456e+11 6.61228332e+11 1.52875312e+18
 1.51807349e+30]


[1.59772610e+10 2.80438380e+10 2.91586875e+10 4.39083940e+10
 4.45783632e+10 4.71117464e+10 4.73318461e+10 4.80419807e+10
 5.26056536e+10 5.90812223e+10 5.92986220e+10 6.04493977e+10
 6.05796966e+10 6.14894513e+10 6.15905812e+10 6.17760089e+10
 6.38235603e+10 6.40723967e+10 6.61411757e+10 7.15858608e+10
 7.45155003e+10 1.02283135e+11 4.55977894e+11 1.91075433e+21
 1.66575483e+30] [2.00176279e+11 2.00363525e+11 2.00861311e+11 2.02675562e+11
 2.04730703e+11 2.05249597e+11 2.05568963e+11 2.05863046e+11
 2.05864894e+11 2.05950812e+11 2.05961704e+11 2.06246635e+11
 2.09073830e+11 2.14826732e+11 2.14894586e+11 2.15560006e+11
 2.16035323e+11 2.18649578e+11 2.19464864e+11 2.47037291e+11
 3.84887642e+11 4.91667130e+11 5.27352202e+11 3.61486117e+21
 1.69508293e+30]


[4.45828012e+10 4.47578300e+10 4.57951068e+10 4.59261401e+10
 4.78018131e+10 4.78702383e+10 5.19836494e+10 5.22864390e+10
 5.24968191e+10 5.90812223e+10 5.92817137e+10 6.06915206e+10
 6.29383582e+10 6.38235603e+10 6.38235603e+10 6.38235603e+10
 6.44433838e+10 6.48092974e+10 6.48174194e+10 6.53067717e+10
 4.63542125e+11 4.77322628e+11 2.43192926e+18 1.81008347e+21
 2.32537507e+21] [2.04865616e+11 2.05278704e+11 2.05447818e+11 2.05450661e+11
 2.05841901e+11 2.05863046e+11 2.05863046e+11 2.05863046e+11
 2.05912181e+11 2.05961704e+11 2.06120090e+11 2.14787738e+11
 2.15005851e+11 2.15550447e+11 2.15551034e+11 2.15611143e+11
 2.17199241e+11 2.17249790e+11 2.18352407e+11 2.18432629e+11
 4.62494190e+11 5.39601986e+11 4.66052171e+18 3.42440530e+21
 4.39926668e+21]


[1.92647670e+10 4.86715512e+10 5.10332826e+10 5.74340550e+10
 5.88186383e+10 5.90487068e+10 5.90812223e+10 5.93546947e+10
 5.97441082e+10 6.13144137e+10 6.29324042e+10 6.32084192e+10
 6.36394125e+10 6.37640866e+10 6.37717865e+10 6.37720563e+10
 6.38330248e+10 6.43639315e+10 6.46734159e+10 6.49110894e+10
 6.49691077e+10 5.81451463e+11 7.75626578e+14 1.13571602e+18
 9.94506432e+30] [2.04857913e+11 2.05211444e+11 2.05352501e+11 2.05409254e+11
 2.05832322e+11 2.05840186e+11 2.05846673e+11 2.05854621e+11
 2.05861003e+11 2.05863327e+11 2.05869740e+11 2.05870046e+11
 2.05874904e+11 2.05880437e+11 2.05961704e+11 2.05963121e+11
 2.06054531e+11 2.06916441e+11 2.14728274e+11 2.16613719e+11
 4.49394170e+11 6.67953996e+11 1.47430096e+15 2.17609718e+18
 1.01201620e+31]


curr_generation:  20
best weights:  [ 4.20128623e-07  3.14817875e-06 -3.58773816e-08 -2.06132274e-07
 -1.82269820e-06 -1.76366955e-15 -5.14530553e-06  2.26388144e-05
 -2.04147677e-06 -1.58668805e-08  9.84076565e-10]
best fitness:  6.8209873992774086e-12