(9563.967326909518, 22751.456524548223)
BEGIN
population start:  [[ 0.00000000e+00 -1.50308197e-12 -2.32959194e-13  4.54799171e-11
  -1.93257040e-10 -1.62842912e-15  8.23983866e-16  2.41341314e-05
  -1.99156970e-06 -1.53277154e-08  9.33573925e-10]
 [ 0.00000000e+00 -1.55298586e-12 -2.34466687e-13  4.44549127e-11
  -1.89999177e-10 -1.73895122e-15  9.01591920e-16  2.42253917e-05
  -1.99160436e-06 -1.52099803e-08  9.33494056e-10]
 [ 0.00000000e+00 -1.56391135e-12 -2.44028674e-13  3.93282451e-11
  -1.83236407e-10 -1.63784812e-15  8.96217971e-16  2.54014231e-05
  -1.99701550e-06 -1.52996086e-08  9.21303663e-10]
 [ 0.00000000e+00 -1.56126480e-12 -2.31943100e-13  3.90257037e-11
  -1.89836084e-10 -1.62187288e-15  8.77975353e-16  2.42306572e-05
  -2.09481944e-06 -1.42725189e-08  9.30215097e-10]
 [ 0.00000000e+00 -1.56078456e-12 -2.34798532e-13  4.23157547e-11
  -1.89870302e-10 -1.62564149e-15  8.97223099e-16  2.42289984e-05
  -1.99561285e-06 -1.47772963e-08  9.24484795e-10]
 [ 0.00000000e+00 -1.49926997e-12 -2.32842187e-13  4.69122717e-11
  -1.93499386e-10 -1.69554078e-15  8.14428436e-16  2.40444130e-05
  -1.99149547e-06 -1.52182471e-08  9.33770076e-10]
 [ 0.00000000e+00 -1.56116304e-12 -2.34829503e-13  4.15651401e-11
  -1.89871974e-10 -1.61377240e-15  8.70549291e-16  2.50984736e-05
  -1.99056404e-06 -1.47268404e-08  9.22037876e-10]
 [ 0.00000000e+00 -1.55291576e-12 -2.34463671e-13  4.44878060e-11
  -1.90000599e-10 -1.73992895e-15  9.01626400e-16  2.42253446e-05
  -2.03520347e-06 -1.59486657e-08  9.33572271e-10]
 [ 0.00000000e+00 -1.56596427e-12 -2.39681669e-13  4.42022153e-11
  -1.90000599e-10 -1.73992895e-15  9.01626400e-16  2.42253446e-05
  -1.99156965e-06 -1.52137276e-08  9.26274003e-10]
 [ 0.00000000e+00 -1.56398145e-12 -2.34939722e-13  3.92953518e-11
  -1.89776047e-10 -1.58558658e-15  8.96183491e-16  2.42327769e-05
  -1.99705022e-06 -1.46221920e-08  9.21225448e-10]
 [ 0.00000000e+00 -1.55038231e-12 -2.34354681e-13  4.56766021e-11
  -1.90052010e-10 -1.77526516e-15  9.02872537e-16  2.42236430e-05
  -1.99031488e-06 -1.53491578e-08  9.36399038e-10]
 [ 0.00000000e+00 -1.56163529e-12 -2.34838789e-13  4.03962623e-11
  -1.89835187e-10 -1.60174828e-15  8.97337504e-16  2.36666867e-05
  -1.99588822e-06 -1.43406272e-08  9.23843237e-10]]
------init---------
9.014662031869562e-12
[32181508841.418415, 1157016460262.8853, 475554491321.48157, 87907438235.33286, 85865003494.87631, 89000030593.86096, 708724395713.1182, 86785552991.92, 86719023560.8555, 86134164478.31436, 85192956163.99217, 687065394463.2587] [273874544327.47406, 1288706552857.1978, 1981278308593.5208, 143031842207.84344, 143393319042.0621, 143511666282.07977, 682678045297.9802, 141702359130.0323, 141694326635.59204, 143704898030.54843, 141858434105.95074, 643599175044.9845]
Lowest Val error: 1.4169432664e+11
Corresponding Train error: 8.6719023561e+10
Corresponding weights:  [ 0.00000000e+00 -1.49910179e-12 -2.31649074e-13  4.56981727e-11
 -1.96529465e-10 -1.62862141e-15  8.18932016e-16  2.41275878e-05
 -1.99129081e-06 -1.53656819e-08  9.34200869e-10]


[62133858876.2015, 134334827060.69312, 86375148890.00885, 86838367867.41063, 86436247734.86017, 55004541859.35128, 88507427387.60721, 86932697947.1111, 88173780710.45499, 104261098653.11955, 88915209455.28261, 416019304787.7064] [154563057284.95535, 152463106672.3271, 141660740517.91736, 141763783083.8766, 141631423455.62137, 199018795668.0234, 142898753781.61023, 141612143685.96826, 143074050441.64804, 136409039698.47095, 143434637941.8026, 346712488417.9669]
Lowest Val error: 1.3640903970e+11
Corresponding Train error: 1.0426109865e+11
Corresponding weights:  [ 0.00000000e+00 -1.56391196e-12 -2.34893199e-13  4.21916386e-11
 -1.89667479e-10 -1.62793214e-15  8.93186658e-16  2.42394794e-05
 -1.99562702e-06 -1.48716980e-08  9.24451430e-10]


[86375148890.00885, 104850383619.2485, 86508601831.5162, 88725396773.14438, 37020486810.945076, 84397055283.10007, 36984394984.82981, 87819445109.46986, 43574588213.263435, 1167902956796.4956, 78782029517.21747, 86327250777.61156] [141660740517.91736, 138149576513.71274, 141638207803.1302, 143225361391.49222, 208058257584.30408, 145192044015.14532, 219197035890.69513, 141561279110.27985, 384931196525.8142, 1337639018403.901, 144530183150.78653, 141672813832.4292]
Lowest Val error: 1.3814957651e+11
Corresponding Train error: 1.0485038362e+11
Corresponding weights:  [ 0.00000000e+00 -1.51189825e-12 -2.33226168e-13  4.43320943e-11
 -1.93568340e-10 -1.71887376e-15  8.60245181e-16  2.41888737e-05
 -1.99161544e-06 -1.53027874e-08  9.33471636e-10]


[78782029517.2089, 86327250777.61156, 78610448212.01917, 470660830145.31134, 60084765909.39758, 198829087866.36942, 88725396772.96368, 1910008159425.7722, 86375148890.00885, 86116995657.22652, 88719843671.72516, 87818360981.32639] [144530183150.7832, 141672813832.4292, 144602298730.28934, 389693070556.07715, 154224149758.6276, 201962018427.6198, 143225361391.49207, 2298916848431.4126, 141660740517.91736, 141731404537.30225, 143213946907.4715, 141558073385.66025]
Lowest Val error: 1.4155807339e+11
Corresponding Train error: 8.7818360981e+10
Corresponding weights:  [ 0.00000000e+00 -1.49708679e-12 -2.30891938e-13  4.58203260e-11
 -1.98173511e-10 -1.62371660e-15  8.10240174e-16  2.41201911e-05
 -1.99118767e-06 -1.53908925e-08  9.34465837e-10]


[78610448212.01917, 78782029517.2089, 50052097686.380165, 148829383687.44946, 78610448212.01932, 78610448212.02646, 86398901022.98729, 78345786822.99884, 86320953652.23592, 86123246888.88777, 246393234550.15942, 136602043872.01938] [144602298730.28934, 144530183150.7832, 165991833747.18912, 953287705369.5818, 144602298730.28888, 144602298730.29138, 141634889097.28766, 144714818850.6454, 141674552988.8907, 141729646908.1336, 1261049078016.5088, 143316348592.85635]
Lowest Val error: 1.4163488910e+11
Corresponding Train error: 8.6398901023e+10
Corresponding weights:  [ 0.00000000e+00 -1.51829927e-12 -2.34013910e-13  4.52134320e-11
 -1.84252408e-10 -1.65160852e-15  8.45039432e-16  2.41579765e-05
 -1.99174345e-06 -1.52792368e-08  9.33155117e-10]


[18287679081.824745, 869241700725.2888, 78610448212.01808, 81127274817.42758, 63449017897.09883, 55913447655.15403, 78336825211.13223, 78718720135.53625, 78709729601.69308, 54675368156.886475, 277590499329.17535, 382591766340.93933] [276735277744.3624, 880140983378.4283, 144602298730.28876, 149559374678.8507, 610508299885.7216, 157998020323.1819, 144718643222.96048, 144556502972.7798, 144560300501.70007, 147437233316.71622, 1355034447771.0212, 337514274343.83984]
Lowest Val error: 1.4455650297e+11
Corresponding Train error: 7.8718720136e+10
Corresponding weights:  [ 0.00000000e+00 -1.50471805e-12 -2.26029307e-13  4.57732009e-11
 -1.93082274e-10 -1.64872529e-15  8.00981226e-16  2.41383824e-05
 -1.99105775e-06 -1.53769872e-08  9.35507963e-10]


[313499129062.1886, 78336825211.13223, 119961510618.4429, 78677090782.549, 714770267654.8083, 473442914940.5114, 78772765390.37424, 574499684124.2272, 247671610514.35074, 1254267148011.9102, 79008984209.98836, 54465886980.72674] [1435609086341.9888, 144718643222.96048, 143170951343.98602, 144574094779.93018, 686158240752.518, 1917209941123.97, 144533694496.23004, 2165769508635.3438, 200951649548.3964, 1387114550925.061, 144608136947.68854, 147548743772.61612]
Lowest Val error: 1.4317095134e+11
Corresponding Train error: 1.1996151062e+11
Corresponding weights:  [ 0.00000000e+00 -1.50464206e-12 -2.25984633e-13  4.57763329e-11
 -1.93084935e-10 -1.64870915e-15  8.00734718e-16  2.41382728e-05
 -1.99919654e-06 -1.53775341e-08  9.35521127e-10]


[62225679928.111, 30647501915.031685, 34628929010.63551, 64034984753.704575, 93619235363.16415, 1345785132523.441, 71059675031.90868, 81853232355.24031, 3113519338992.522, 33160180376.38203, 1254935795818.124, 78738760272.08893] [138479876632.6857, 208252240227.56622, 222376711777.89185, 599888699824.8303, 140080860474.3235, 1516502475229.849, 647276236991.3632, 143670418146.7818, 4261575083779.883, 186422348796.393, 1473796993961.2217, 144580281170.3874]
Lowest Val error: 1.3847987663e+11
Corresponding Train error: 6.2225679928e+10
Corresponding weights:  [ 0.00000000e+00 -1.44956132e-12 -2.35281210e-13  4.58091397e-11
 -1.92056062e-10 -1.59460175e-15  7.81306525e-16  2.38302119e-05
 -1.95128085e-06 -1.53832631e-08  9.21279443e-10]


[62225679928.111, 78738760272.08893, 33644661283.453022, 68075328956.111145, 117453794158.11893, 32905275825.74236, 1056090286457.3627, 70578810524.80869, 17284099448.025352, 731186928386.613, 62225679928.111, 62225679928.111] [138479876632.6857, 144580281170.3874, 447089771887.5498, 133651076318.53117, 145125847342.53622, 187938570927.01096, 1183877100602.9177, 148018737473.50583, 270379995967.63315, 727553993169.9535, 138479876632.6857, 138479876632.6857]
Lowest Val error: 1.3365107632e+11
Corresponding Train error: 6.8075328956e+10
Corresponding weights:  [ 0.00000000e+00 -1.44340914e-12 -2.36415002e-13  4.58099573e-11
 -1.91922915e-10 -1.58776601e-15  7.79277434e-16  2.37914346e-05
 -1.94752881e-06 -1.53834058e-08  9.19182955e-10]


[1063454971730.3928, 62225679928.111, 70004444416.59067, 419036585828.85095, 108803216815.82982, 70578810524.80869, 70578810524.80869, 70578810524.80869, 91766100407.45728, 689960392531.6448, 332420049850.0845, 668518628170.4207] [1142265429130.8145, 138479876632.6857, 147407244950.7089, 376354654561.46643, 175046501753.8027, 148018737473.50583, 148018737473.50583, 148018737473.50583, 140911888756.1193, 2494384327013.977, 290562208693.79767, 650571425040.9797]
Lowest Val error: 1.3847987663e+11
Corresponding Train error: 6.2225679928e+10
Corresponding weights:  [ 0.00000000e+00 -1.44956132e-12 -2.38792730e-13  4.58091397e-11
 -1.92056062e-10 -1.59460175e-15  7.64589532e-16  2.38302119e-05
 -1.95128085e-06 -1.53832631e-08  9.21279443e-10]


[76567189979.62994, 33780000387.377155, 694262851605.4438, 26144914081.030178, 58920243629.50773, 76870602473.97742, 46860956279.16346, 67988620887.32024, 144093967856.92953, 62865419176.28198, 476084348002.9661, 60587143812.55837] [143006129072.1152, 182558295069.33014, 727222242325.9603, 325574588457.45245, 133969740335.60068, 154468159829.70728, 517033612215.5531, 133068885175.44946, 152616395662.5673, 151380477117.5163, 1887283938528.2378, 136340759964.56628]
Lowest Val error: 1.3306888518e+11
Corresponding Train error: 6.7988620887e+10
Corresponding weights:  [ 0.00000000e+00 -1.43957316e-12 -2.37202608e-13  4.58118682e-11
 -1.91984362e-10 -1.58735971e-15  7.77631602e-16  2.37769827e-05
 -1.94553005e-06 -1.53837395e-08  9.18452130e-10]


[58920243626.38112, 60587143812.55837, 67680998800.41542, 59665199985.049515, 69236685326.75223, 17510985887.879974, 60530605881.7078, 73411134270.3075, 56695127890.91769, 157430005208.09988, 26528304090.662685, 205848018121.4179] [133969740336.47087, 136340759964.56628, 608199322195.5579, 136970484635.23856, 631621634085.263, 259449538489.98062, 136264099597.50252, 150973024165.6931, 137876280816.0196, 158956920930.1561, 243013740200.17, 1112579051363.2634]
Lowest Val error: 1.3396974034e+11
Corresponding Train error: 5.8920243626e+10
Corresponding weights:  [ 0.00000000e+00 -1.45228834e-12 -2.45413904e-13  4.58324798e-11
 -1.88113706e-10 -1.59267337e-15  7.37476415e-16  2.36685378e-05
 -1.92818679e-06 -1.53873389e-08  9.13165409e-10]


[58920243626.38112, 53443153560.47372, 28983606619.06468, 60540392563.91514, 27000716840.090977, 58920243626.38112, 110442808438.03653, 73441387592.33627, 505052807171.57635, 29705061041.42317, 17369474717.672997, 89787397015.21365] [133969740336.47087, 139954970404.42368, 369852566343.1409, 136277385225.8881, 401745681355.7903, 133969740336.47087, 123150878177.9804, 151004086532.40082, 464673634476.31213, 375486897967.28357, 297175896736.67426, 122434190936.82114]
Lowest Val error: 1.2243419094e+11
Corresponding Train error: 8.9787397015e+10
Corresponding weights:  [ 0.00000000e+00 -1.41476352e-12 -2.54874620e-13  4.55649301e-11
 -1.91742944e-10 -1.57694299e-15  7.38057592e-16  2.38079494e-05
 -1.93235278e-06 -1.56015467e-08  9.14567340e-10]


[50582745239.467545, 27140984915.19833, 134891792085.46976, 62259219991.89219, 73552143525.90083, 51712761326.9773, 26577794403.47401, 136102352758.20422, 43305112905.58566, 23090196412.978134, 895050503855.4401, 84437437331.54016] [532425824317.52295, 339512798146.0922, 144297659292.91852, 132459140443.27632, 131111026705.40857, 141042421604.6008, 453892863876.16565, 131986235511.53406, 152071153626.1938, 311352626311.3209, 974110919946.9832, 122750897520.9111]
Lowest Val error: 1.2275089752e+11
Corresponding Train error: 8.4437437332e+10
Corresponding weights:  [ 0.00000000e+00 -1.41077637e-12 -2.58161643e-13  4.54892265e-11
 -1.91533798e-10 -1.57197982e-15  7.33181226e-16  2.38241930e-05
 -1.93000394e-06 -1.57119838e-08  9.15981276e-10]


[62259219991.89219, 1078236175253.5251, 123140655270.75972, 41255954432.26412, 41740585164.98258, 52408407624.22849, 49263566264.131546, 49676092861.40877, 48839644335.60072, 73247117803.03606, 257270398296.80386, 23497951259.679123] [132459140443.27632, 1242625245920.4062, 129453767849.58687, 156483020424.51202, 155560497259.74103, 138795154943.06152, 522673679770.9613, 533485893392.3417, 160542089442.56265, 131246421282.82141, 213551696269.84586, 363107753553.4333]
Lowest Val error: 1.2945376785e+11
Corresponding Train error: 1.2314065527e+11
Corresponding weights:  [ 0.00000000e+00 -1.45580761e-12 -2.48217340e-13  4.56912969e-11
 -1.96952802e-10 -1.56738201e-15  7.40073462e-16  2.37673819e-05
 -1.93661789e-06 -1.57166482e-08  9.16149616e-10]


[102533964597.14642, 84437437331.54016, 52366631594.55839, 62314956022.28606, 52408407624.22849, 373725767606.1021, 52408407624.22849, 2671322054918.92, 40765466666.443016, 90558507162.4197, 301977351391.41656, 76522456745.66621] [132022930559.45879, 122750897520.9111, 138829453243.5292, 132430719264.02898, 138795154943.06152, 1598559416715.1482, 138795154943.06152, 3606189519569.7515, 152248974203.09576, 661710509477.4088, 1407629620037.9272, 124560943606.69327]
Lowest Val error: 1.2275089752e+11
Corresponding Train error: 8.4437437332e+10
Corresponding weights:  [ 0.00000000e+00 -1.40075521e-12 -2.58161643e-13  4.54892265e-11
 -1.91533798e-10 -1.57197982e-15  6.96739787e-16  2.38241930e-05
 -1.93000394e-06 -1.57119838e-08  9.15981276e-10]


[86262311413.17087, 62314956022.28606, 922630540815.5662, 53161113491.661514, 52408407624.22972, 52408407624.22972, 121729610487.25188, 54611047324.8492, 1799510524462.6926, 16946629047.3818, 54761515399.034134, 239967900929.87997] [122873304696.88046, 132430719264.02898, 943146882872.6072, 134779504373.23499, 138795154943.06073, 138795154943.06073, 132952258061.99341, 138883015598.8982, 2380136499497.9893, 276787595507.3399, 136830466974.27937, 1169254787704.7004]
Lowest Val error: 1.2287330470e+11
Corresponding Train error: 8.6262311413e+10
Corresponding weights:  [ 0.00000000e+00 -1.40527326e-12 -2.55207908e-13  4.55998347e-11
 -1.84961634e-10 -1.61643399e-15  7.35164892e-16  2.37749282e-05
 -1.92959285e-06 -1.56052337e-08  9.15120717e-10]


[53161113491.661514, 62314956022.28606, 52864799905.70139, 269139253359.56796, 82524124490.23811, 79153519234.67964, 37734139318.35935, 55263373722.64451, 81173843871.2712, 168479453293.17493, 52791905643.69927, 232755323615.77432] [134779504373.23499, 132430719264.02898, 135450475353.64499, 221390678761.0397, 127859091701.02068, 669245861816.1965, 170715215259.22995, 136439778226.77007, 122929561637.08072, 157616181260.99142, 138459474383.14777, 1174426205869.6]
Lowest Val error: 1.2292956164e+11
Corresponding Train error: 8.1173843871e+10
Corresponding weights:  [ 0.00000000e+00 -1.40033745e-12 -2.52537859e-13  4.56292080e-11
 -1.84337135e-10 -1.61591076e-15  7.36577726e-16  2.38722615e-05
 -1.92995740e-06 -1.55688780e-08  9.14199881e-10]


[53161113491.661514, 52864799905.70139, 52864799902.8032, 66053074955.12593, 54915756762.86971, 128717135359.10849, 53623250333.742966, 75496626094.12323, 188885816693.1443, 52864799905.70139, 61788822188.88712, 53585167629.14631] [134779504373.23499, 135450475353.64499, 135450475354.46744, 129008761514.84836, 136709370522.0874, 129250640556.88821, 138290165350.59546, 124623753576.31975, 158826871601.79895, 135450475353.64499, 132521936896.20805, 134626913206.05176]
Lowest Val error: 1.2462375358e+11
Corresponding Train error: 7.5496626094e+10
Corresponding weights:  [ 0.00000000e+00 -1.40768001e-12 -2.62144684e-13  4.54405978e-11
 -1.87050262e-10 -1.53029415e-15  7.31745893e-16  2.38039911e-05
 -1.92870505e-06 -1.58131050e-08  9.17351736e-10]


[80371060327.58353, 53585167629.14631, 52823606121.47237, 53161133886.26022, 52823625263.50103, 52699518396.30115, 190852786321.99878, 171270015613.74994, 38453554147.82754, 425304462051.5137, 64375251397.45039, 53651359814.63381] [639205754102.329, 134626913206.05176, 135375262699.33157, 134779470415.08476, 135375226868.8035, 135139158047.91129, 167536581679.03192, 146360339458.246, 147861199958.39557, 399570757160.03577, 129842166317.54195, 134555134879.06265]
Lowest Val error: 1.2984216632e+11
Corresponding Train error: 6.4375251397e+10
Corresponding weights:  [ 0.00000000e+00 -1.45978152e-12 -2.62112017e-13  4.54327811e-11
 -1.86792715e-10 -1.53844628e-15  7.21996721e-16  2.36523567e-05
 -1.92849998e-06 -1.57150956e-08  9.17896995e-10]


[249323005747.05927, 24885426613.298637, 53102605006.19469, 52879151287.38848, 1018951117594.1549, 52823625263.50103, 53750499629.5766, 40696398647.749, 123448856500.9427, 317884888889.9181, 430063862702.4911, 163413589748.06644] [1203997678929.576, 188149134891.46588, 134877888572.29105, 135272319961.918, 1147115805195.1604, 135375226868.8035, 134572719893.66052, 455596346703.0377, 132405686056.7624, 1407800513367.4224, 1727612963531.3325, 938424435424.9753]
Lowest Val error: 1.3240568606e+11
Corresponding Train error: 1.2344885650e+11
Corresponding weights:  [ 0.00000000e+00 -1.41661777e-12 -2.61100412e-13  4.54418958e-11
 -1.86295177e-10 -1.49386100e-15  7.32074707e-16  2.37982449e-05
 -1.92881677e-06 -1.60348226e-08  9.17081050e-10]


[53102605006.19469, 31701976641.156048, 1089355021397.9332, 53442240843.58731, 48231580585.19472, 42004903995.954155, 74175400800.72136, 53919166834.0013, 22804763699.365604, 139914779821.6397, 106245659422.57329, 48844396010.67699] [134877888572.29105, 164280910165.52914, 1286911165690.7688, 134833891757.42334, 139637809597.93317, 448959566311.30273, 126811384986.02914, 134468310598.55301, 205293324950.5716, 865120896564.619, 126556960070.03122, 136729581046.82657]
Lowest Val error: 1.2655696007e+11
Corresponding Train error: 1.0624565942e+11
Corresponding weights:  [ 0.00000000e+00 -1.43149960e-12 -2.64517616e-13  4.54291747e-11
 -1.86558853e-10 -1.50142553e-15  7.32198867e-16  2.37963898e-05
 -1.92881668e-06 -1.59587821e-08  9.17024072e-10]


[48844396010.67699, 60328855454.30941, 53086204706.70308, 53099529516.30037, 28460324947.03535, 195655501124.0524, 53462054434.64657, 125847054876.88367, 33590886071.90669, 88003990501.39838, 48472477686.9179, 299703303270.93195] [136729581046.82657, 131059164664.81723, 134880165897.46, 134878314540.56967, 179563623209.04083, 176562259385.69424, 134831508120.53577, 133725883670.0402, 159609993604.965, 117634463639.58662, 136936110577.23306, 1347720025357.06]
Lowest Val error: 1.1763446364e+11
Corresponding Train error: 8.8003990501e+10
Corresponding weights:  [ 0.00000000e+00 -1.50248438e-12 -2.74959437e-13  4.53903031e-11
 -1.87364559e-10 -1.52454020e-15  7.52778302e-16  2.50677693e-05
 -1.95838985e-06 -1.57264280e-08  9.16849966e-10]


[48844396010.67699, 22394474255.05724, 962638644154.9244, 192521504449.21576, 22947250063.826237, 53475322703.616745, 48472477686.9179, 48472477686.9179, 44528591358.08167, 35138780361.06886, 44113763511.942345, 83877414840.11491] [136729581046.82657, 198997842208.67126, 3087066254299.0493, 153896815156.15198, 188280344471.94998, 134829922987.45822, 136936110577.23306, 136936110577.23306, 141226040332.52042, 155313340538.87006, 141814232875.54468, 127681991696.0468]
Lowest Val error: 1.2768199170e+11
Corresponding Train error: 8.3877414840e+10
Corresponding weights:  [ 0.00000000e+00 -1.42678944e-12 -2.55517785e-13  4.35503045e-11
 -1.95207569e-10 -1.52722461e-15  7.31449002e-16  2.34236549e-05
 -1.92877879e-06 -1.56850241e-08  9.17159720e-10]


[48844396010.67699, 25180552649.226097, 47877463865.1013, 440076748205.0653, 48844396010.67699, 48844396010.67699, 76427283753.27821, 140117386072.40387, 23721224608.812798, 540114883830.7699, 752891895833.6755, 822658333772.9937] [136729581046.82657, 187195391068.79745, 137473290605.69217, 413330958870.344, 136729581046.82657, 136729581046.82657, 127237501392.11166, 138255569469.55548, 362012285858.0028, 495743967459.45233, 776018528951.9166, 877079615102.9734]
Lowest Val error: 1.2723750139e+11
Corresponding Train error: 7.6427283753e+10
Corresponding weights:  [ 0.00000000e+00 -1.43535779e-12 -2.59123139e-13  4.38802180e-11
 -1.93808892e-10 -1.52650384e-15  7.31666652e-16  2.35335774e-05
 -1.92878610e-06 -1.56951650e-08  9.17100378e-10]


[48844396010.67699, 48844396010.67699, 22830574340.46308, 68796000098.8474, 63987678333.67721, 802391241597.1677, 48844396010.678055, 48844396010.67863, 178062534012.53497, 264468515644.74103, 151742719770.52512, 60389798922.507774] [136729581046.82657, 136729581046.82657, 189982478468.20557, 127842504547.51297, 126191148767.16885, 833809489583.1385, 136729581046.82504, 136729581046.825, 157476504932.27716, 225915768966.0263, 895114483499.7416, 128878015652.63626]
Lowest Val error: 1.2619114877e+11
Corresponding Train error: 6.3987678334e+10
Corresponding weights:  [ 0.00000000e+00 -1.46962379e-12 -2.61464982e-13  4.53661949e-11
 -1.87439332e-10 -1.52355828e-15  7.32546005e-16  2.40076010e-05
 -1.92881588e-06 -1.58223489e-08  9.16861896e-10]


[111748638929.22482, 2230872968015.719, 47887747722.68202, 51919289898.03245, 51378758007.7385, 48401623706.01413, 75319149451.79677, 23990236002.11454, 16526302156.315434, 134497975063.20992, 52355948718.192726, 1568961114639.6409] [130220026671.34726, 6047141563856.076, 137728910764.71344, 133775147601.61234, 134267433785.25302, 137187131365.43181, 124066060546.95804, 185407001658.42618, 281649021966.99457, 137814038366.07703, 131863495596.29578, 4557465409011.118]
Lowest Val error: 1.2406606055e+11
Corresponding Train error: 7.5319149452e+10
Corresponding weights:  [ 0.00000000e+00 -1.46922287e-12 -2.74206478e-13  4.62255454e-11
 -1.88291455e-10 -1.59257494e-15  7.32541188e-16  2.40082848e-05
 -1.93188693e-06 -1.57358733e-08  9.17130650e-10]


[654659800532.2158, 51919289897.41988, 51438381839.77226, 143908298935.341, 73060400845.57072, 48810139120.98677, 178084332000.44574, 26715595840.157127, 35933163939.89832, 67792242633.68764, 75319149451.79677, 384481440877.17035] [696705256043.9893, 133775147601.80847, 134212585579.37723, 853464253015.7888, 133520876765.83902, 136763769445.32683, 163800846224.17014, 167989405678.27783, 160597135082.21524, 124720541348.54825, 124066060546.95804, 323398766562.08167]
Lowest Val error: 1.2406606055e+11
Corresponding Train error: 7.5319149452e+10
Corresponding weights:  [ 0.00000000e+00 -1.46922287e-12 -2.74206478e-13  4.62255454e-11
 -1.88291455e-10 -1.59257494e-15  7.32541188e-16  2.40082848e-05
 -1.93188693e-06 -1.57358733e-08  9.17130650e-10]


[29360330166.420483, 1260349006218.197, 1099660096251.086, 51976682050.623795, 1015222953620.5215, 51887227566.09225, 251426750765.16876, 46955260041.14932, 30597080302.237465, 77966329697.67535, 72179647594.9318, 68380199773.03768] [168543323123.1568, 1445365719632.8198, 1313973083840.6152, 133723526870.10645, 1103720138433.0896, 133804039558.3477, 213827973784.84808, 137562566648.08307, 174974572405.19684, 121631933957.84717, 132156265171.15828, 125809376203.82764]
Lowest Val error: 1.2163193396e+11
Corresponding Train error: 7.7966329698e+10
Corresponding weights:  [ 0.00000000e+00 -1.54130633e-12 -2.74876240e-13  4.68395903e-11
 -1.87165094e-10 -1.50783134e-15  7.31482745e-16  2.40278768e-05
 -1.92881078e-06 -1.58920450e-08  9.16280316e-10]


[59662896912.25763, 56003970822.43446, 77966329697.67313, 18093661542.54777, 86190076999.87614, 425445754335.2174, 50699219405.869606, 48160202505.54038, 238459390495.31216, 271008122134.37677, 68901164886.5846, 26937133294.346165] [129820538848.96011, 131526652392.13156, 121631933957.84724, 256888981570.23502, 130652287940.22424, 1704029761962.5925, 134625380690.7728, 136566541353.81479, 1159742418562.0703, 1299823990523.2898, 132807935596.25049, 178661584418.90344]
Lowest Val error: 1.2163193396e+11
Corresponding Train error: 7.7966329698e+10
Corresponding weights:  [ 0.00000000e+00 -1.54130633e-12 -2.74876240e-13  4.68395903e-11
 -1.87165094e-10 -1.50783134e-15  7.31482745e-16  2.40278768e-05
 -1.92881078e-06 -1.58920450e-08  9.16280316e-10]


[56003970822.43446, 68776195678.12305, 160926240816.23236, 56003970822.42851, 61421262764.97463, 59662896912.25763, 17985397559.20789, 75073106391.64827, 24368465197.206802, 50699219405.869354, 47995303053.03039, 89572495996.51883] [131526652392.13156, 127699733848.53586, 138613222056.48505, 131526652392.13208, 129042629309.44292, 129820538848.96011, 244036667656.9684, 129979363545.1362, 191312690977.3056, 134625380690.77422, 136733321047.06433, 120301535864.76595]
Lowest Val error: 1.2030153586e+11
Corresponding Train error: 8.9572495997e+10
Corresponding weights:  [ 0.00000000e+00 -1.54177669e-12 -2.74908239e-13  4.68470556e-11
 -1.87167769e-10 -1.54646877e-15  7.20726916e-16  2.40278842e-05
 -1.92881420e-06 -1.58930753e-08  9.16279861e-10]


[56003970822.42851, 56003970822.43446, 116611210512.3854, 775551101755.789, 56565336923.287254, 451438943429.97546, 168207303481.59537, 54821445357.65487, 66955846097.60728, 51923951501.232056, 28100043838.1705, 76434838651.72585] [131526652392.13208, 131526652392.13156, 123327175215.40195, 837777468322.2887, 131093600143.74564, 1805423688363.8757, 164945628567.96786, 132478408794.71223, 133691380183.2282, 133630675193.94601, 176422988820.25305, 124940400453.11472]
Lowest Val error: 1.2332717522e+11
Corresponding Train error: 1.1661121051e+11
Corresponding weights:  [ 0.00000000e+00 -1.33621912e-12 -2.69882878e-13  4.50410019e-11
 -1.89576458e-10 -1.55327990e-15  7.32545820e-16  2.40620350e-05
 -1.92881697e-06 -1.60114981e-08  9.16412872e-10]


[56565336923.28196, 56003970822.455154, 76247937192.14926, 55967174837.169495, 56003970822.42958, 56003970822.42977, 56747786118.38179, 1020561144222.6924, 171764210552.44507, 29458929035.80357, 56003970822.42851, 571621368347.1046] [131093600143.7461, 131526652392.12473, 124945316091.61768, 131552523822.57503, 131526652392.13123, 131526652392.1312, 130971019721.92488, 1185962107496.261, 135537231544.66531, 374109914614.2516, 131526652392.13208, 2150945970579.7676]
Lowest Val error: 1.2494531609e+11
Corresponding Train error: 7.6247937192e+10
Corresponding weights:  [ 0.00000000e+00 -1.44652855e-12 -2.51413435e-13  4.55403793e-11
 -1.90545548e-10 -1.52884694e-15  7.29658483e-16  2.37286965e-05
 -1.92881699e-06 -1.57376634e-08  9.16403278e-10]


[56747786118.38179, 602997645038.9501, 1524994777871.607, 53975151187.567245, 74592373962.10999, 189712474413.23083, 57156454824.472984, 725671956231.6329, 776175633692.5607, 340990112548.14777, 192001480016.76953, 32408371985.48698] [130971019721.92488, 559659039066.1786, 1883053798693.2097, 133056336963.98776, 125025963998.5123, 1030004933356.059, 130702213240.22684, 776187305341.5189, 771158030360.5237, 278781646279.8905, 118714247092.2366, 175585999465.15857]
Lowest Val error: 1.1871424709e+11
Corresponding Train error: 1.9200148002e+11
Corresponding weights:  [ 0.00000000e+00 -1.46070021e-12 -2.64842112e-13  4.55283726e-11
 -1.86115274e-10 -1.56468419e-15  7.25324242e-16  2.40621195e-05
 -1.84441064e-06 -1.57660639e-08  8.71488363e-10]


[81572410197.3961, 80248671960.42157, 26127068051.086586, 53918324638.789314, 185601708308.3493, 350734956943.7921, 1153623965914.3943, 126832075648.55942, 55805334924.14237, 75798182153.20227, 74592373962.11076, 74592373962.11076] [662596380855.2598, 108343467862.4769, 290324476846.58655, 133101780085.6185, 116901489486.81535, 1516804456232.4731, 1265634155774.8752, 823444650567.7264, 131621705538.56311, 124960941396.16806, 125025963998.51205, 125025963998.51205]
Lowest Val error: 1.0834346786e+11
Corresponding Train error: 8.0248671960e+10
Corresponding weights:  [ 0.00000000e+00 -1.35310385e-12 -2.55665875e-13  4.46975817e-11
 -1.85793789e-10 -1.55290554e-15  7.56936769e-16  2.40814732e-05
 -1.89302496e-06 -1.57406721e-08  8.98728896e-10]


[80248671960.42157, 134217491411.63284, 17578687550.630657, 55776615993.52254, 1628526534127.9226, 509316439590.45264, 53419454346.28856, 32108359196.55416, 46368865492.619064, 76140422667.9817, 767011961901.2615, 83016367705.9273] [108343467862.4769, 98621115950.9642, 292043415674.65985, 131642966380.05745, 1965008342748.5137, 498600287106.3993, 131606765148.73593, 164736844529.36835, 514172684452.57715, 124948631688.22473, 2645717554236.7383, 667118097529.4034]
Lowest Val error: 9.8621115951e+10
Corresponding Train error: 1.3421749141e+11
Corresponding weights:  [ 0.00000000e+00 -1.40354718e-12 -2.65050476e-13  4.50513065e-11
 -1.83286577e-10 -1.55424340e-15  7.32466223e-16  2.40762344e-05
 -1.85481893e-06 -1.57408395e-08  8.78532642e-10]


[55726690656.601845, 53419454346.28856, 108109147399.0591, 57987489571.886925, 625403839862.3824, 113161035985.84346, 58041844386.46328, 47329056504.03429, 59227184618.649086, 73016912439.55298, 29163401310.302296, 48689046347.007065] [127246078140.4019, 131606765148.73593, 718024418670.4138, 126181597874.32454, 2291185433536.802, 130802613031.07596, 566951204860.2178, 522488319596.59265, 124839510267.27603, 112882600363.74988, 169812422778.33325, 523099404503.1426]
Lowest Val error: 1.1288260036e+11
Corresponding Train error: 7.3016912440e+10
Corresponding weights:  [ 0.00000000e+00 -1.37213050e-12 -2.55796249e-13  4.48605991e-11
 -1.86519616e-10 -1.55080665e-15  7.50536376e-16  2.40254609e-05
 -1.89937007e-06 -1.57037306e-08  9.01751292e-10]


[73016912439.55298, 162142060432.09506, 25180041916.710102, 30055293404.925587, 60392352253.54763, 55572187243.56576, 19677860363.656857, 53164378813.404305, 821523841510.1365, 40304128932.09672, 250857751353.90308, 57212799520.8004] [112882600363.74988, 123081826877.30281, 366042418602.8017, 173211375753.05753, 125165975562.08064, 128610508006.3624, 275824691648.66125, 131933873311.41158, 877992391058.3127, 153988043419.92215, 213315423754.4462, 137392924392.43271]
Lowest Val error: 1.1288260036e+11
Corresponding Train error: 7.3016912440e+10
Corresponding weights:  [ 0.00000000e+00 -1.37213050e-12 -2.55796249e-13  4.48605991e-11
 -1.86519616e-10 -1.55080665e-15  7.50536376e-16  2.40254609e-05
 -1.89937007e-06 -1.57037306e-08  9.01751292e-10]


[73016912439.55298, 123195531616.92928, 53199542428.76137, 55694838648.48187, 56849207930.50741, 646990151812.9463, 57150401484.10173, 3659487684343.2017, 114343074329.16666, 57127233891.735886, 706979581085.0565, 1312612428299.5396] [112882600363.74988, 122540427054.0855, 131704601613.60893, 136490818270.90186, 138959418590.95996, 638804676016.2759, 137278491619.84415, 5219914789583.896, 774457901055.7235, 137236066396.7688, 671238282748.2815, 1487201109841.7646]
Lowest Val error: 1.1288260036e+11
Corresponding Train error: 7.3016912440e+10
Corresponding weights:  [ 0.00000000e+00 -1.37213050e-12 -2.55796249e-13  4.48605991e-11
 -1.86519616e-10 -1.55080665e-15  7.50536376e-16  2.40254609e-05
 -1.89937007e-06 -1.57037306e-08  9.01751292e-10]


[73016912439.55298, 27817186055.616497, 59022716648.957214, 69656294676.62822, 39841449868.31255, 202626569864.7061, 69214182175.09117, 242143224061.91708, 55876349736.797585, 1847378537802.1606, 338407547035.2827, 406296219503.8724] [112882600363.74988, 405912689470.1648, 131045370230.08408, 114781310410.94865, 431121622428.5236, 1090955497836.8525, 115109693287.31792, 1247530424723.78, 129184970082.7695, 2317954941759.097, 1480662662728.8286, 292798959080.61414]
Lowest Val error: 1.1288260036e+11
Corresponding Train error: 7.3016912440e+10
Corresponding weights:  [ 0.00000000e+00 -1.37213050e-12 -2.55796249e-13  4.48605991e-11
 -1.86519616e-10 -1.55080665e-15  7.50536376e-16  2.40254609e-05
 -1.89937007e-06 -1.57037306e-08  9.01751292e-10]


[361372607968.96063, 24767570454.93982, 72236925833.14563, 971174395074.677, 67294380922.04952, 344452730202.91406, 33235830420.70114, 360386749045.29553, 67443715597.20659, 57797791722.29868, 1518995547635.0977, 905206038035.43] [299426735732.6732, 226991318073.34967, 113332386503.30908, 3105962170405.98, 116853506640.6281, 284873439167.1925, 374193227838.07324, 250706265379.18433, 116718252413.18501, 126800774899.38687, 1815854115589.0015, 903963322697.3167]
Lowest Val error: 1.1333238650e+11
Corresponding Train error: 7.2236925833e+10
Corresponding weights:  [ 0.00000000e+00 -1.39423700e-12 -2.42633011e-13  4.48432720e-11
 -1.86673640e-10 -1.55380596e-15  7.50018837e-16  2.40341098e-05
 -1.89967462e-06 -1.57010309e-08  9.01914081e-10]


[73016912439.55298, 72236925833.14563, 72189047254.52585, 1334993526138.528, 274189584453.54556, 24642410436.20727, 270755203746.66132, 37135124770.88703, 361117592882.24036, 346681841034.4745, 75824361348.79846, 655233320248.4884] [112882600363.74988, 113332386503.30908, 113360870812.68294, 1537936626460.3113, 215402514340.78217, 236400686345.78912, 204043848184.56973, 402742792446.4804, 249637882577.22568, 287953331354.2686, 111493991954.15475, 2359604101522.1]
Lowest Val error: 1.1149399195e+11
Corresponding Train error: 7.5824361349e+10
Corresponding weights:  [ 0.00000000e+00 -1.42229884e-12 -2.53610572e-13  4.49250894e-11
 -1.86000497e-10 -1.53996871e-15  7.52335109e-16  2.39935822e-05
 -1.89835126e-06 -1.57130032e-08  9.01200699e-10]


[24763576856.63187, 20011177585.46917, 36147106095.25804, 61148407401.472855, 533594229164.9668, 1286512425301.0493, 270755203746.6582, 270755203746.6582, 26661790167.30668, 75824361346.87448, 169698457076.87277, 343244248319.6521] [184431172356.97888, 243992086365.47623, 298672800905.4859, 118152661156.74052, 473143490993.6249, 1474723604680.3696, 204043848184.56683, 204043848184.56683, 189228266101.40057, 111493991954.00412, 141750761122.16632, 236069775541.23746]
Lowest Val error: 1.1149399195e+11
Corresponding Train error: 7.5824361347e+10
Corresponding weights:  [ 0.00000000e+00 -1.42229884e-12 -2.61173090e-13  4.49250894e-11
 -1.83423205e-10 -1.53996871e-15  7.30049536e-16  2.39935822e-05
 -1.89835126e-06 -1.57130032e-08  9.01200699e-10]


[2959738942781.955, 75824361346.87448, 27020746570.12748, 20050937723.799812, 202229521298.88388, 21016877844.282906, 495390624441.25116, 67535377951.22626, 22953285486.50855, 104012268812.15915, 254668871171.5136, 59874543801.91345] [4064192289219.2485, 111493991954.00412, 186765344084.8417, 229591380913.11856, 150710354200.09995, 220066644296.63232, 395191663628.20984, 114866353251.97098, 197678998677.6264, 109475903176.20071, 191027338534.11188, 117632386778.02505]
Lowest Val error: 1.0947590318e+11
Corresponding Train error: 1.0401226881e+11
Corresponding weights:  [ 0.00000000e+00 -1.38253859e-12 -2.50921808e-13  4.44469180e-11
 -1.84676188e-10 -1.49662289e-15  7.46890933e-16  2.35674989e-05
 -1.87326240e-06 -1.63042316e-08  9.02988402e-10]


[59874543801.91345, 418108720299.9262, 35457672605.9341, 97350068223.33623, 1407789332696.643, 70356908621.79123, 70407031594.13297, 24374370904.05087, 71466888201.658, 310241110285.3903, 2231002799084.913, 37010808564.26393] [117632386778.02505, 1690171726035.0752, 150571930124.50986, 105842746717.06308, 1726454348765.7725, 113205258072.20877, 113192698512.72563, 188230422003.7033, 112946443701.1967, 254227625442.22736, 2920332745227.7373, 350939726108.16614]
Lowest Val error: 1.0584274672e+11
Corresponding Train error: 9.7350068223e+10
Corresponding weights:  [ 0.00000000e+00 -1.38594348e-12 -2.52794497e-13  4.60505006e-11
 -1.84724222e-10 -1.58418783e-15  7.71794416e-16  2.40517737e-05
 -1.87909005e-06 -1.62802588e-08  9.03584990e-10]


[44039203322.49123, 1215175377780.4788, 71398664192.29642, 70422961402.88994, 283794603301.0382, 70356908621.79123, 45644673013.492, 19871991368.472557, 81270701625.0548, 70410029186.87337, 342609501283.839, 136809033755.63821] [129778551684.35262, 1371416720903.981, 112961219754.1298, 113188724753.6052, 1305544972468.2222, 113205258072.20877, 131706004193.96439, 268495189994.51074, 109325385672.58076, 113191950093.79655, 1475252086207.7212, 110995296188.0313]
Lowest Val error: 1.0932538567e+11
Corresponding Train error: 8.1270701625e+10
Corresponding weights:  [ 0.00000000e+00 -1.41894440e-12 -2.60759241e-13  4.48734824e-11
 -1.84938155e-10 -1.47879415e-15  7.47232343e-16  2.39905818e-05
 -1.89670823e-06 -1.58564224e-08  9.01257349e-10]


[942300567852.392, 70410029186.87337, 233808383045.32388, 70409756069.0253, 23753655814.60676, 70410029186.87486, 79823216446.31927, 71670622419.88705, 192205229434.19266, 72383865408.82562, 81257028605.21571, 70421519298.53506] [969965039813.2151, 113191950093.79655, 1173248666374.8882, 113192018271.42863, 219556657023.5439, 113191950093.79611, 111081165681.72588, 112903166171.53438, 165082056014.6673, 117147148433.8689, 109326734347.36124, 113184340311.39824]
Lowest Val error: 1.0932673435e+11
Corresponding Train error: 8.1257028605e+10
Corresponding weights:  [ 0.00000000e+00 -1.41894468e-12 -2.60759285e-13  4.48734824e-11
 -1.84936698e-10 -1.47886606e-15  7.75738867e-16  2.39905818e-05
 -1.89670832e-06 -1.58562631e-08  9.01257340e-10]


[24732843352.96441, 70409756069.0253, 70423730180.62491, 1154946695440.683, 71697515885.05287, 70372848798.9158, 319522773664.84705, 70409136143.64406, 69213467251.19084, 70432862058.13107, 91393619604.39133, 441394965455.4935] [202867751667.39227, 113192018271.42863, 113182877092.25371, 1344281578898.4507, 112897503107.04068, 113201255940.0253, 1409521042378.9014, 113192541921.51497, 615680349772.2389, 113181560157.22478, 109862646910.91531, 1771850408677.3062]
Lowest Val error: 1.0986264691e+11
Corresponding Train error: 9.1393619604e+10
Corresponding weights:  [ 0.00000000e+00 -1.42562869e-12 -2.51708735e-13  4.46391805e-11
 -1.79733016e-10 -1.60919779e-15  6.93368744e-16  2.40121783e-05
 -1.89890863e-06 -1.56760287e-08  9.01036909e-10]


[48428255911.90649, 70423730180.62491, 557984989464.2579, 71299352738.1641, 288206669102.512, 81594960090.03511, 82459528933.69281, 69416987642.38097, 70316452301.6993, 49714173285.27079, 152438101694.03595, 244316145493.55078] [129530353316.8796, 113182877092.25371, 511784567748.58606, 112628975469.54927, 212678186172.11264, 109295769040.4537, 109236391178.47604, 113883930457.50444, 113236562716.36816, 495104503009.4593, 893040717476.2441, 199474073045.3737]
Lowest Val error: 1.0923639118e+11
Corresponding Train error: 8.2459528934e+10
Corresponding weights:  [ 0.00000000e+00 -1.41892080e-12 -2.60755494e-13  4.48734807e-11
 -1.85063856e-10 -1.47259158e-15  7.80134037e-16  2.39905801e-05
 -1.89670046e-06 -1.58701584e-08  9.01258127e-10]


[56377558458.65575, 70423730180.62491, 32986499443.14035, 30251080298.276947, 74877585881.65775, 1404093927699.2258, 58826219289.20433, 70183364225.04008, 70275395884.66135, 898323676637.2844, 82488956051.34518, 81565880232.54277] [131142476614.93489, 113182877092.25371, 392892179405.07697, 380340489745.95996, 111537776010.72018, 4162065934528.245, 119544390957.7282, 113323628189.56157, 113263297290.16025, 1021587258879.1521, 109234879856.1912, 109298275928.07895]
Lowest Val error: 1.0923487986e+11
Corresponding Train error: 8.2488956051e+10
Corresponding weights:  [ 0.00000000e+00 -1.35309113e-12 -2.60755385e-13  4.48734807e-11
 -1.85067122e-10 -1.47243919e-15  7.80241622e-16  2.39905801e-05
 -1.89670023e-06 -1.58704967e-08  9.01258150e-10]


[70071679515.87782, 70275395884.66135, 381046215776.6973, 70313977009.26207, 71136558396.39276, 95903101643.91171, 58526939820.75807, 1252960212186.105, 1633401613209.2568, 971872044155.7076, 24527007709.679176, 435701673189.0169] [115963728864.76169, 113263297290.16025, 323025974690.29626, 113246926388.62259, 112928678695.50269, 107253029856.00095, 119752314579.08931, 1436427994633.9639, 2052507193858.233, 1084278825288.6559, 190507833856.36893, 374332993255.57153]
Lowest Val error: 1.0725302986e+11
Corresponding Train error: 9.5903101644e+10
Corresponding weights:  [ 0.00000000e+00 -1.47250008e-12 -2.60800729e-13  4.41389733e-11
 -1.83741511e-10 -1.53367817e-15  7.36989744e-16  2.39906001e-05
 -1.89679425e-06 -1.56493754e-08  8.97323722e-10]


[142955587811.25488, 87839890818.04292, 92731285913.91182, 70099806207.11435, 70302430555.13205, 71854613674.5572, 70071679515.87634, 21333369204.285034, 71803384840.623, 538091584574.9491, 27328141998.224922, 56882383713.62278] [127494732233.61673, 112146415768.87212, 109583287013.4686, 116115715211.18172, 113197923749.44109, 115666072012.1757, 115963728864.76204, 346432291816.4232, 115615254780.69528, 503988596837.3864, 171240631850.32867, 118213219258.66023]
Lowest Val error: 1.0958328701e+11
Corresponding Train error: 9.2731285914e+10
Corresponding weights:  [ 0.00000000e+00 -1.48896685e-12 -2.47278765e-13  4.48734854e-11
 -1.83729633e-10 -1.61622908e-15  7.33058718e-16  2.39905847e-05
 -1.89608457e-06 -1.57327257e-08  9.01255979e-10]


[437517259429.2101, 75408468080.2775, 70052590841.28615, 70139182943.21004, 743828026158.0924, 951702044915.2728, 32208539801.689636, 70424903654.63795, 70302430555.13214, 66410252313.77985, 74511469675.21011, 84935908177.3826] [398950372066.98846, 610422665764.3077, 115865125666.75215, 113730928600.62381, 2573216759073.959, 984987334663.9834, 403014484272.57874, 112886788625.44797, 113197923749.44092, 594339877723.2068, 628366009179.1931, 623108636260.8479]
Lowest Val error: 1.1288678863e+11
Corresponding Train error: 7.0424903655e+10
Corresponding weights:  [ 0.00000000e+00 -1.42653808e-12 -2.58569973e-13  4.48734843e-11
 -1.84949796e-10 -1.54160235e-15  7.33132974e-16  2.39905836e-05
 -1.89507795e-06 -1.57541318e-08  9.01260779e-10]


[70424903654.63795, 70302430555.13214, 35837317982.803085, 110368625532.67175, 100518294525.96335, 73015673715.74907, 337354085410.0155, 91707978328.14175, 94993879988.15765, 101384344879.75688, 303922116630.0343, 512520209443.71387] [112886788625.44797, 113197923749.44092, 423634734090.39197, 138735104120.0654, 109315720376.89145, 112244240642.95029, 256890460095.15762, 109667952406.95654, 110049831922.59592, 712425870744.8489, 235524919227.00064, 1961808746190.2585]
Lowest Val error: 1.0931572038e+11
Corresponding Train error: 1.0051829453e+11
Corresponding weights:  [ 0.00000000e+00 -1.47719309e-12 -2.48702903e-13  4.48734853e-11
 -1.83883529e-10 -1.63941967e-15  7.33068084e-16  2.39905845e-05
 -1.89595761e-06 -1.57354256e-08  9.01256585e-10]


[374220398981.92633, 56662126988.190636, 114192595196.47014, 97140910107.01614, 784888642966.0562, 53396258642.33112, 79863677023.83615, 341428303190.82855, 117411034216.8729, 296290665016.9845, 70194033652.7518, 73127985433.0203] [315363322457.6559, 118364291174.98306, 109827443429.88156, 109413404654.66048, 768269771533.4337, 131840522733.22818, 116678053108.8088, 327753481541.3484, 111779936138.09085, 220159103870.34824, 113238400210.65695, 112207139802.92386]
Lowest Val error: 1.0941340465e+11
Corresponding Train error: 9.7140910107e+10
Corresponding weights:  [ 0.00000000e+00 -1.48567637e-12 -2.47951553e-13  4.48734855e-11
 -1.87343651e-10 -1.62956108e-15  7.33052118e-16  2.39905848e-05
 -1.89619632e-06 -1.57303564e-08  9.01256051e-10]


[155049723477.17117, 521599913465.9955, 347965216712.7235, 292228850540.2013, 54835518289.17652, 75385807784.75099, 270023437630.29053, 51603225315.94469, 78910735226.94664, 57411420883.41744, 73127985433.01663, 190264551901.72626] [125007361327.63138, 482381877081.3947, 266156875302.64764, 232518936170.3039, 119346715463.23059, 111662254699.28911, 225149954974.53964, 135546547703.13982, 116587417092.12459, 118149940379.87991, 112207139802.92398, 1039294157495.4156]
Lowest Val error: 1.1166225470e+11
Corresponding Train error: 7.5385807785e+10
Corresponding weights:  [ 0.00000000e+00 -1.51363209e-12 -2.56594055e-13  4.51450338e-11
 -1.84907370e-10 -1.55933966e-15  7.69817585e-16  2.39905835e-05
 -1.89499403e-06 -1.57559059e-08  9.01260264e-10]


[54835518289.1981, 57411420878.689415, 29399371186.199005, 48817885419.88696, 722099283655.7917, 82466458748.56754, 132108824432.42427, 89238457567.42242, 215886821997.29007, 75129526581.46838, 54578815187.6384, 441983245505.588] [119346715463.22891, 118149940380.94113, 173504386246.0408, 122277088022.6556, 668018897373.4089, 121512786619.99075, 114596946535.9976, 107898477902.16829, 137401094033.86662, 111300254858.24643, 119473838477.36299, 373636987703.4434]
Lowest Val error: 1.0789847790e+11
Corresponding Train error: 8.9238457567e+10
Corresponding weights:  [ 0.00000000e+00 -1.48353326e-12 -2.59870833e-13  4.43516427e-11
 -1.84659721e-10 -1.53614545e-15  7.57963069e-16  2.39905840e-05
 -1.89546254e-06 -1.57459663e-08  8.99340908e-10]


[96004001688.3475, 54578815187.6384, 48864126966.081795, 1072018423119.8303, 58091318512.177795, 88339481266.7074, 60560804030.704956, 49790387009.64055, 97197621474.57028, 74242228148.57828, 240452328736.25537, 72595551421.34695] [104661992019.15427, 119473838477.36299, 122229150203.43948, 1249129870218.8818, 117733111820.78525, 107990203344.49683, 115494665068.47209, 121402012234.51321, 107692651707.93822, 111686257028.21396, 189024763018.76678, 111971577835.79948]
Lowest Val error: 1.0466199202e+11
Corresponding Train error: 9.6004001688e+10
Corresponding weights:  [ 0.00000000e+00 -1.43185174e-12 -2.71229788e-13  4.15487720e-11
 -1.74740805e-10 -1.49297563e-15  7.57681374e-16  2.38883785e-05
 -1.87813527e-06 -1.60177440e-08  8.96744048e-10]


[1383682595017.685, 54183465765.39666, 761711956723.9769, 62568984784.04944, 47596644325.33733, 18745727306.08445, 60465049109.2491, 58184136163.649124, 31725357742.09214, 54085896717.592575, 21047968523.295303, 163415845614.20172] [1624703465756.6604, 118544185799.67253, 2579871242684.507, 115118583893.90292, 123695783038.40938, 278930259814.70197, 115576410250.26208, 117643926798.56978, 393980914181.0766, 119849877447.78635, 362471264349.4688, 129430530659.00998]
Lowest Val error: 1.1511858389e+11
Corresponding Train error: 6.2568984784e+10
Corresponding weights:  [ 0.00000000e+00 -1.41180258e-12 -2.60939150e-13  4.06366230e-11
 -1.84004982e-10 -1.48058985e-15  7.67644000e-16  2.39570009e-05
 -1.89727755e-06 -1.57464720e-08  9.01469876e-10]


[54183465765.39666, 129284024720.65088, 982833846892.1849, 55910680003.7969, 348852821522.2793, 125485703349.06479, 53121222607.7155, 707417613954.7673, 69667803320.10616, 305744959587.0386, 18565136301.018776, 61436145518.81166] [118544185799.67253, 122545779351.41495, 1050194620873.9658, 117054886860.51425, 279538986027.71625, 125518935159.54817, 120575205754.56279, 2433933303608.9043, 111352775542.64713, 1350549606157.1692, 275880883661.1828, 115628719123.47466]
Lowest Val error: 1.1135277554e+11
Corresponding Train error: 6.9667803320e+10
Corresponding weights:  [ 0.00000000e+00 -1.40815596e-12 -2.67620888e-13  4.23108705e-11
 -1.83977009e-10 -1.47605324e-15  7.40791508e-16  2.41394471e-05
 -1.90069755e-06 -1.58002421e-08  9.01600023e-10]
