nickinack@Karthiks-MBP-2 assignment2 % python3 main.py
(9563.967326909518, 22751.456524548223)
[1.69208023e+10 4.01534657e+10 6.54830233e+10 1.56126795e+11
 1.80966609e+11 2.20561683e+11 2.30271331e+11 2.37190957e+11
 3.54001619e+11 3.84991705e+11 6.61739193e+11 1.06945814e+12
 1.07849941e+12] [1.85216173e+11 2.62162306e+11 3.91226041e+11 4.05492034e+11
 5.76291510e+11 1.03618408e+12 1.10767737e+12 1.24785120e+12
 1.28480469e+12 1.29149871e+12 1.64882755e+12 2.42653886e+12
 3.50652095e+12]


------init---------
8.84253688496576e-13
[1.78322299e+10 5.34043562e+10 5.34043562e+10 5.34043562e+10
 6.54830233e+10 6.54830233e+10 6.54830233e+10 9.69443131e+10
 1.33724494e+11 1.83434819e+11 2.18886343e+11 2.63899566e+11
 4.04686049e+11] [1.85216173e+11 1.85216173e+11 1.85216173e+11 2.18884993e+11
 2.53985120e+11 4.26106092e+11 4.26479838e+11 6.46522405e+11
 6.46522405e+11 6.46522405e+11 9.63422582e+11 1.13055367e+12
 1.40991234e+12]


[3.79808614e+10 4.04847681e+10 4.61679616e+10 4.76195924e+10
 5.05633174e+10 6.54830233e+10 6.98596943e+10 7.42945293e+10
 7.61945543e+10 9.27469491e+10 1.87944664e+11 2.07752882e+11
 4.75974040e+11] [1.83164726e+11 1.84464581e+11 1.85216173e+11 1.87485943e+11
 2.00946814e+11 2.04949869e+11 2.06516693e+11 2.12517148e+11
 2.30207680e+11 2.45106893e+11 5.11749677e+11 5.73070510e+11
 5.85864914e+11]


[2.74855928e+10 3.38132714e+10 4.96295340e+10 5.05633174e+10
 5.05633174e+10 6.48887370e+10 6.54830233e+10 6.71142557e+10
 7.04861771e+10 7.43013022e+10 7.44101612e+10 7.61875763e+10
 8.45409416e+10] [1.76856394e+11 1.83180170e+11 1.83368062e+11 1.84386821e+11
 1.84755741e+11 1.85216173e+11 1.85348052e+11 1.87470114e+11
 2.00946814e+11 2.00946814e+11 2.02177794e+11 2.30983873e+11
 5.14287444e+11]


[4.75972182e+10 4.76102977e+10 5.38993109e+10 5.72095951e+10
 5.72095951e+10 5.87051324e+10 5.88726289e+10 6.16900793e+10
 6.36360243e+10 6.37006358e+10 6.48887370e+10 6.55488253e+10
 6.84981155e+10] [1.82304765e+11 1.85148374e+11 1.85348052e+11 1.87095063e+11
 1.87164738e+11 1.88605671e+11 1.92624578e+11 1.92916035e+11
 1.94691683e+11 1.94691683e+11 1.96819893e+11 2.03064304e+11
 2.05049236e+11]


curr_generation:  5
best weights:  [ 4.55501869e-07 -1.48074518e-12 -2.20702757e-13  4.78842854e-11
 -1.77958700e-10 -1.84811845e-15  8.62514718e-16  2.38698596e-05
 -2.04182037e-06 -1.59063969e-08  9.75758261e-10]
best fitness:  7.310897860135252e-12
-------------
[5.56452514e+10 6.17840280e+10 6.18526580e+10 6.20806293e+10
 6.29590241e+10 6.34427562e+10 6.35349546e+10 6.36048263e+10
 6.36068628e+10 6.53128602e+10 6.84981155e+10 6.91055592e+10
 8.26752033e+10] [1.78517736e+11 1.81744545e+11 1.82304765e+11 1.85351011e+11
 1.86837666e+11 1.87164796e+11 1.87215791e+11 1.87373822e+11
 1.87826515e+11 1.88264251e+11 1.88479765e+11 1.88532832e+11
 1.94814316e+11]


[4.51901499e+10 6.17443762e+10 6.31413965e+10 6.35399286e+10
 6.36018649e+10 6.36290352e+10 6.36472714e+10 6.38731651e+10
 6.84727498e+10 6.85422828e+10 6.89182165e+10 6.91055592e+10
 7.12754702e+10] [1.80772526e+11 1.81744545e+11 1.81941979e+11 1.82267837e+11
 1.82328457e+11 1.86801049e+11 1.86863855e+11 1.86874763e+11
 1.87139251e+11 1.87189543e+11 1.87300101e+11 1.88570668e+11
 2.01748002e+11]


[6.12008041e+10 6.34332125e+10 6.38286625e+10 6.86961549e+10
 6.87670306e+10 6.89148698e+10 6.89163177e+10 6.89182165e+10
 6.89182171e+10 6.91055861e+10 6.91074613e+10 7.14116193e+10
 7.16960682e+10] [1.79691860e+11 1.80592191e+11 1.81742545e+11 1.81744550e+11
 1.81909390e+11 1.81936012e+11 1.81941979e+11 1.81941979e+11
 1.81943984e+11 1.82073281e+11 1.86621202e+11 1.87012867e+11
 1.89766669e+11]


[6.37817066e+10 6.86023505e+10 6.86115526e+10 6.86732069e+10
 6.86774999e+10 6.89505679e+10 6.90031634e+10 6.90631048e+10
 6.90750629e+10 6.91305163e+10 6.91705888e+10 6.92649659e+10
 7.14116193e+10] [1.79691860e+11 1.81669160e+11 1.81713086e+11 1.81731779e+11
 1.81763282e+11 1.81776626e+11 1.81907823e+11 1.81933858e+11
 1.81944380e+11 1.81944850e+11 1.81946885e+11 1.81980509e+11
 1.84635788e+11]


[2.72645695e+10 6.29690213e+10 6.37817066e+10 6.40366114e+10
 6.85896346e+10 6.86859342e+10 6.87946143e+10 6.90717326e+10
 6.92175113e+10 7.11366515e+10 7.14116193e+10 1.96896505e+11
 2.09499714e+11] [1.79691860e+11 1.79851831e+11 1.81691230e+11 1.81759246e+11
 1.81889458e+11 1.81940854e+11 1.81986551e+11 1.84452420e+11
 1.84635788e+11 1.85229581e+11 2.17872112e+11 2.86218322e+11
 1.23684610e+12]


curr_generation:  10
best weights:  [ 5.59516609e-07 -1.48107750e-12 -2.20647126e-13  4.78944602e-11
 -1.77999668e-10 -1.82807683e-15  8.62544786e-16  2.38765440e-05
 -2.04155871e-06 -1.59061130e-08  9.75519479e-10]
best fitness:  7.337505633538463e-12
-------------
solve() terminated
best fitness achieved 7.337505633538463e-12
