[200~(9563.967326909518, 22751.456524548223)
[494928292684.8989, 16889324111.740574, 141417279604.38492, 121322805535.45532, 1374258316727.914, 49469680063.22306, 740000634473.5702, 23824381307.81545, 101612941649.24564, 283236730083.2527, 1129883101657.1694, 905273880498.9791, 231273521342.42657, 97793224343.40623, 131031397481.16663, 252184943024.44073, 72936323846.5172, 619064671086.6492, 18691579234.863262, 79773006485.22887, 1059873063458.7084, 954779396079.1732, 170877922114.54312] [2058880028507.287, 357547876178.4162, 174447849315.21658, 190856575598.89978, 4315761869997.1104, 650288096147.9514, 811648883275.0029, 303189783104.6052, 211731040905.89807, 235521441075.7282, 3689532352224.1094, 1013052767776.4714, 1308744895578.4446, 864252615954.336, 973908660724.3181, 244298542133.8335, 200145484365.04926, 609683919362.2715, 422060775899.7103, 174931810906.6053, 1202739726957.1323, 1117261744438.0818, 1069334408697.6433]
Lowest Val error: 1.7444784932e+11
Corresponding Train error: 1.4141727960e+11
Corresponding weights:  [ 0.00000000e+00 -1.40143237e-12 -2.36594780e-13  4.66831256e-11
 -1.79918554e-10 -1.89007098e-15  8.78681963e-16  2.36039898e-05
 -2.04176394e-06 -1.57308821e-08  9.69694796e-10]


------init---------
6.290516795008098e-13
[79773006485.22887, 480788734064.78796, 280951666463.1166, 586551643944.4298, 295276726155.53, 597835616667.1873, 281030705969.50916, 287727466836.6404, 26950915137.314804, 609081445223.4438, 26047013868.231308, 587671085670.6501, 308128689804.96844, 16896560878.870255, 23794967043.89989, 58823625802.22661, 287052309725.77234, 159512584679.0193, 228581923584.48822, 16638194844.739767, 150702517397.34518, 28347906900.09025, 101550023388.66368] [174931810906.6053, 412339219053.28674, 232318631819.00546, 571969979805.3801, 245273151435.14877, 586209773755.1459, 232388842176.74863, 238389406074.79083, 483037023610.98175, 655132018084.1931, 476804067587.9538, 573378943967.7849, 285543106878.24744, 357387407780.2367, 303316591379.2106, 211603466554.26456, 267821442445.72086, 181781014979.94342, 225336516884.63715, 371329229657.48474, 174207378875.72708, 490706579844.7337, 191236665518.21948]
Lowest Val error: 1.7420737888e+11
Corresponding Train error: 1.5070251740e+11
Corresponding weights:  [ 0.00000000e+00 -1.39820185e-12 -2.36588598e-13  4.66418144e-11
 -1.80350224e-10 -1.89381091e-15  8.80119122e-16  2.36244446e-05
 -2.03891254e-06 -1.57030147e-08  9.67261280e-10]


[79773006485.22887, 159753545432.13992, 41995912132.91264, 331977755223.18646, 62366912291.620155, 120350511162.08493, 197980108864.8011, 277552855931.064, 161763529621.71597, 1.963410433553617e+21, 28758961569.178886, 230849716799.49872, 277466944618.1079, 282051872125.7507, 286693988066.29083, 280951157701.68445, 281034467195.4799, 19445856794.671112, 281189864281.5155, 59132428132.08761, 388755393565.97424, 16505024027.069647, 357384351663.9015] [174931810906.6053, 195554728115.17838, 565646649597.7898, 269236208940.79404, 191442851713.01025, 189333306519.57974, 210171834001.39032, 230354049419.28125, 182167841872.6092, 3.714474987099306e+21, 279080103458.9985, 225374108849.82797, 231589278615.03583, 233297238213.25873, 237456758595.72128, 232318179935.96503, 232392736031.82037, 321080099742.44495, 231574864883.0023, 646546135319.0641, 309375375042.3644, 384364546115.16595, 281799404447.49725]
Lowest Val error: 1.7493181091e+11
Corresponding Train error: 7.9773006485e+10
Corresponding weights:  [ 0.00000000e+00 -1.48223787e-12 -2.35216573e-13  4.62273088e-11
 -1.80620590e-10 -1.85222790e-15  8.46707046e-16  2.25364129e-05
 -1.97449644e-06 -1.64545429e-08  9.69558164e-10]


[79773006485.22887, 283776158018.98346, 197020805096.0783, 71894382359.22762, 26948108053.14123, 120885418828.34114, 144861475120.72693, 21589397717.01015, 199837201108.28928, 114529277673.57002, 206678691980.70035, 60846663093.39662, 29224743004.205833, 116603139567.02347, 208441331701.86404, 279850318114.4595, 278552557646.9595, 23487047583.09315, 175927771669.98602, 146969364040.00812, 65868620187.97017, 284405762836.0829, 78355600159.4619] [174931810906.6053, 233559086872.46222, 210928773623.96588, 179674746254.97955, 295056603541.09064, 188205359519.6349, 151996382625.74133, 311316550955.8058, 211213561651.60147, 189465219458.28818, 214201378852.35995, 193576039988.6055, 276034449739.1725, 164357451905.42023, 190677527545.69073, 232085148716.06305, 231813655757.29932, 300737141521.122, 183696616010.25153, 190132291636.4502, 186708041058.2183, 234654632650.91495, 175878515053.54742]
Lowest Val error: 1.5199638263e+11
Corresponding Train error: 1.4486147512e+11
Corresponding weights:  [ 0.00000000e+00 -1.50664322e-12 -2.30269264e-13  4.50612633e-11
 -1.76096725e-10 -1.90349356e-15  8.25122521e-16  2.45113776e-05
 -2.00710702e-06 -1.65009051e-08  9.63035061e-10]


[79773006485.22887, 77124425562.71367, 101825027991.91592, 62734810108.31287, 100335718137.09142, 68417155130.19934, 78324613236.07515, 66921893054.65239, 503797679994.4105, 115803178647.86267, 330212766476272.6, 7.691645507275228e+17, 1.4370987439663282e+30, 67107993560.56168, 141632934357.76825, 532642622913.7123, 71459074270.66243, 48027858423.54237, 384423613002.1405, 70889771385.54074, 228029247546.27042, 20720670501.457077, 27094532075.856777] [174931810906.6053, 176505084686.5109, 169626528053.8459, 597149324840.6912, 169757551537.16638, 183578212019.2932, 175884175527.90488, 184940057614.08893, 452337328304.40497, 164382596367.7903, 620815374071019.8, 1.473513700766694e+18, 1.46240101184722e+30, 184767380881.57996, 152019048239.90533, 533954739621.7295, 182168192326.02106, 520599640162.69336, 356360075955.2164, 201220042164.49963, 233864089930.9073, 304992252378.3863, 275539330375.5077]
Lowest Val error: 1.5201904824e+11
Corresponding Train error: 1.4163293436e+11
Corresponding weights:  [ 0.00000000e+00 -1.50568769e-12 -2.30414324e-13  4.50979946e-11
 -1.76300038e-10 -1.90185108e-15  8.25844369e-16  2.44510918e-05
 -2.00623749e-06 -1.64968401e-08  9.63259539e-10]


curr_generation:  5
best weights:  [ 0.00000000e+00 -1.48223787e-12 -2.35216573e-13  4.62273088e-11
 -1.80620590e-10 -1.85222790e-15  8.46707046e-16  2.25364129e-05
 -1.97449644e-06 -1.64545429e-08  9.69558164e-10]
best fitness:  6.8313397744294935e-12
-------------
[1.7280238280797475e+21, 122649663184.02356, 57452089235.64341, 91315359415.47867, 205812102640.03683, 145541646795.87378, 82956604675.81412, 80178832684.87961, 685333892541.5178, 340168288773887.1, 67672038763.73148, 84274036356.62112, 25560003569.060024, 239381493191.27603, 66086886091.64646, 79106344221.07, 67519315874.72905, 1.783366667883995e+21, 96861255465.2771, 231162769783.8658, 66424562273.70715, 4.9582513609050406e+17, 2.9843689881463e+16] [3.269158178944308e+21, 202163140827.3266, 224934793416.20566, 170108658144.1229, 220174448990.30396, 152089364304.92783, 170914308205.6524, 173737967434.34174, 686938339587.3499, 640114930448380.8, 165272830349.66702, 170996887493.0882, 283131364867.42096, 240658490312.41412, 186061928589.2752, 175365168440.55637, 184388965399.7258, 3.3738592114548083e+21, 170184128103.4477, 235720159057.33487, 185458906158.12433, 9.496995220999315e+17, 5.700387598996638e+16]
Lowest Val error: 1.5208936430e+11
Corresponding Train error: 1.4554164680e+11
Corresponding weights:  [ 0.00000000e+00 -1.50696588e-12 -2.30049934e-13 -1.94506376e-07
 -1.76088712e-10 -1.90424867e-15  8.24903905e-16  2.45545143e-05
 -2.00887033e-06 -1.64938743e-08  9.63251914e-10]


[67672038763.73148, 83861625567.00386, 92229312559.72942, 90582263686.89276, 84654076426.48798, 79462880152.64177, 68252555390.16362, 57599422156.71336, 77322833304.61476, 91315359415.47867, 91315359415.47867, 57459983007.529495, 67558777257.38497, 64515939162.592514, 82536669498.27615, 57356304348.974594, 80751701888.44704, 67676036902.178085, 85306703332.6994, 157048313610.52304, 85303986460.21532, 1.8825927850399202e+21, 55064520284.39992] [165272830349.66702, 171219028214.3729, 170163300364.34137, 170081218908.1677, 170829031463.25787, 169228543900.71625, 165090853679.76382, 223130166160.59546, 177394806619.3244, 170108658144.1229, 170108658144.1229, 225007672899.16925, 184334706102.27908, 187257190236.00787, 173222926510.7358, 225799948009.2582, 173096836396.27405, 165332818473.38745, 171411541323.47037, 151322237142.81787, 175162742821.3269, 3.5615775147375785e+21, 229738958354.7733]
Lowest Val error: 1.5132223714e+11
Corresponding Train error: 1.5704831361e+11
Corresponding weights:  [ 0.00000000e+00 -1.51233810e-12 -2.29469754e-13  2.13765264e-08
 -1.75444441e-10 -1.91152670e-15  8.21338244e-16  2.48360902e-05
 -2.01167168e-06 -1.65264481e-08  9.62213095e-10]


[67672038763.73148, 67717407955.20972, 68474518385.361305, 68337018082.500015, 67637976693.06795, 67904824124.09712, 81800049349.69376, 81115020719.3518, 67923010811.49589, 82824247411.33603, 1.7943084417245635e+21, 77260532032.77078, 83639145457.08955, 68635505550.26849, 82863392616.53697, 91566101521.68051, 67336850114.54602, 77985682934.77225, 90408007224.13496, 67699755526.98488, 82933405637.03108, 82925591144.52675, 162011930963.5259] [165272830349.66702, 165229106903.80548, 165144617778.26907, 165088433126.6649, 165307564180.0538, 165042187644.74295, 173683978581.0, 169388931128.71448, 165118349939.7462, 170486631790.10843, 3.3945593371085714e+21, 177888205419.27856, 169479561088.39032, 165165313053.59375, 170438518744.0146, 170622232634.86057, 165537007341.87933, 176868587966.72736, 170400070526.6108, 165338501385.88885, 173426659438.80847, 172856713394.9379, 151546350420.44745]
Lowest Val error: 1.5154635042e+11
Corresponding Train error: 1.6201193096e+11
Corresponding weights:  [ 0.00000000e+00 -1.51377952e-12 -2.29183176e-13  2.79571484e-08
 -1.75207528e-10 -1.91416091e-15  8.20214033e-16  2.49409020e-05
 -2.01355628e-06 -1.65292012e-08  9.61962443e-10]


[67904824124.09712, 67735481138.47176, 67826544840.12571, 67624527793.490555, 68638906067.75328, 67954327913.10707, 67988193290.04421, 67737352658.34758, 67889274409.64394, 67672032013.49805, 67699629359.71676, 68285453555.25816, 67997830620.22036, 68887190153.48631, 67631514380.12229, 69193118170.30608, 76274439524.83327, 68379050530.017334, 67945899357.93573, 67756210995.93178, 218232080368.04987, 67738265203.77224, 67889163931.57253] [165042187644.74295, 165198676790.03906, 165108410765.2454, 165365793136.135, 165142236560.80402, 165039026193.52704, 165039900323.8219, 165211147305.02826, 165129308014.21338, 165272940635.42218, 165338328729.50876, 165092188166.7828, 165040474141.39612, 165207834578.23712, 165347960699.63776, 165210197728.18365, 167502597292.83716, 165117013596.4893, 165039133695.9715, 165187614616.58008, 181124348126.2862, 165210391611.84143, 165129156622.22656]
Lowest Val error: 1.6503902619e+11
Corresponding Train error: 6.7954327913e+10
Corresponding weights:  [ 0.00000000e+00 -1.50794790e-12 -2.29875718e-13  2.73307348e-08
 -1.75870344e-10 -1.90657241e-15  8.23919144e-16  2.46388027e-05
 -1.99416391e-06 -1.64971682e-08  9.62838564e-10]


[67904824124.09712, 67751840330.95774, 67972825287.9072, 67728007029.495804, 67890344264.38821, 171615800166.8498, 67918571688.59503, 67765699399.13579, 67891750323.21214, 67760517513.10039, 67804218037.16969, 67890911311.862045, 67937565980.24768, 67892056258.15967, 68016943684.12626, 67761494347.80338, 48481889035.71207, 67908239925.51412, 25298248862.86701, 67903899634.97256, 67947012052.403465, 67998369168.966896, 67987669542.35097] [165042187644.74295, 165183312646.8713, 165053827402.9299, 165206979067.99136, 165129630351.33078, 166981965367.38565, 165046408312.08417, 165180563115.83087, 165129374930.35287, 165184617421.96985, 165134134472.27496, 165126286498.96167, 165046348546.92914, 165044269543.22122, 165041968682.1914, 165182675880.25287, 178144584894.18707, 165125876988.69388, 273382665321.91205, 165042316418.01666, 165039111004.85147, 165040509937.83377, 165039872869.9245]
Lowest Val error: 1.6503911100e+11
Corresponding Train error: 6.7947012052e+10
Corresponding weights:  [ 0.00000000e+00 -1.50801594e-12 -2.29861304e-13  3.21722431e-08
 -1.74227370e-10 -1.90671630e-15  8.23859196e-16  2.46443595e-05
 -1.99421492e-06 -1.64972683e-08  9.62821354e-10]


curr_generation:  10
best weights:  [ 0.00000000e+00 -1.50860013e-12 -2.29737546e-13  7.37427359e-08
 -1.75743920e-10 -1.90795178e-15  8.23344467e-16  2.46920716e-05
 -1.99465293e-06 -1.64981276e-08  9.62673585e-10]
best fitness:  7.358427232539913e-12
