nickinack@Karthiks-MBP-2 assignment2 % python3 main.py
(9563.967326909518, 22751.456524548223)
[1.43152936e+10 1.98509331e+10 2.00335012e+10 3.34313390e+10
 1.24589934e+11 1.34361094e+11 1.35872049e+11 1.52533361e+11
 1.81022948e+11 2.50314715e+11 2.61112107e+11 2.68327223e+11
 3.51105016e+11 4.39000801e+11 4.92233107e+11 5.05262454e+11
 9.65299021e+11 1.02563750e+12 1.37006501e+12 1.40015121e+12
 1.81367232e+12 1.81423585e+12 2.13938948e+12] [1.72506784e+11 2.01884382e+11 2.03277496e+11 2.40651623e+11
 2.48915217e+11 2.50717845e+11 3.17147923e+11 3.26153908e+11
 3.43685486e+11 3.66562029e+11 5.10161290e+11 5.25172908e+11
 9.18152952e+11 1.26220677e+12 1.36122767e+12 1.61475198e+12
 1.93445144e+12 2.37411713e+12 3.32095969e+12 4.26113080e+12
 4.30142259e+12 5.28984273e+12 6.07869632e+12]


------init---------
5.173365561452602e-12
[1.43022769e+10 1.95793849e+10 1.98509331e+10 1.98509331e+10
 1.99108272e+10 2.04060508e+10 2.11708390e+10 2.13843657e+10
 2.17029539e+10 2.42104897e+10 3.34313390e+10 1.48161618e+11
 1.50859771e+11 1.85181345e+11 2.77806804e+11 3.61954006e+11
 3.99525533e+11 4.08521108e+11 4.30147101e+11 4.38220144e+11
 4.48408316e+11 7.04445351e+11 1.39325456e+12] [1.67971415e+11 2.10382308e+11 2.40651623e+11 2.52817944e+11
 2.79921889e+11 3.01768136e+11 3.25500056e+11 3.26525855e+11
 3.29914604e+11 3.33983577e+11 3.38423492e+11 3.43238654e+11
 3.43685486e+11 3.43685486e+11 3.69325030e+11 4.13375929e+11
 4.60001266e+11 4.61996882e+11 5.01837214e+11 1.76172643e+12
 1.84631060e+12 2.55521805e+12 4.28487226e+12]


[1.44503145e+10 1.45860848e+10 1.98033205e+10 1.98503478e+10
 2.03216110e+10 2.04079767e+10 2.11236398e+10 2.13615276e+10
 2.31518018e+10 2.33178283e+10 2.35716718e+10 3.34313390e+10
 4.77081918e+10 5.17619342e+10 5.27397519e+10 6.94395211e+10
 7.87670693e+10 9.63371801e+10 1.36613681e+11 3.47661950e+11
 4.82305008e+11 3.45612746e+14 8.35295682e+17] [1.66235145e+11 1.69282589e+11 1.99913635e+11 2.02115401e+11
 2.24038492e+11 2.24810842e+11 2.40651623e+11 2.82814523e+11
 2.85327806e+11 2.94017169e+11 3.22745157e+11 3.23872704e+11
 3.24749969e+11 3.25460172e+11 3.30748158e+11 3.31594006e+11
 3.38392431e+11 3.38777127e+11 3.41270093e+11 3.43727868e+11
 6.13704121e+11 6.50182581e+14 1.60033772e+18]


[1.37089943e+10 1.61644469e+10 2.04057580e+10 2.28129244e+10
 2.34314016e+10 2.48912129e+10 2.57597123e+10 2.74100393e+10
 3.22472220e+10 3.23167700e+10 3.37328465e+10 4.33101962e+10
 6.82584422e+10 7.48979671e+10 7.74884131e+10 7.75639336e+10
 9.63371801e+10 9.76068085e+10 9.89051919e+10 1.00221042e+11
 1.10393146e+11 1.37428241e+11 3.96664830e+11] [1.66327209e+11 1.67401822e+11 1.68118820e+11 1.68972373e+11
 1.69282589e+11 1.99513930e+11 2.12967464e+11 2.15202700e+11
 2.35998214e+11 2.39570438e+11 2.42683192e+11 2.43744785e+11
 2.52718873e+11 2.57325339e+11 2.59722033e+11 2.95032124e+11
 3.01512480e+11 3.08057875e+11 3.23642819e+11 3.24828881e+11
 3.60030769e+11 7.59890302e+11 8.43401819e+11]


[1.78074734e+10 2.44117917e+10 2.91902571e+10 3.16969690e+10
 3.50454495e+10 3.56030512e+10 3.61325530e+10 3.76052983e+10
 4.00267555e+10 4.20813084e+10 6.91863456e+10 6.96539543e+10
 7.00117910e+10 7.03811591e+10 7.12470112e+10 7.13087595e+10
 7.16006949e+10 7.73836204e+10 7.79923370e+10 9.51951347e+10
 9.63371801e+10 9.76946560e+10 1.70326744e+11] [1.68735793e+11 1.69282589e+11 1.95079200e+11 1.98432418e+11
 2.00723647e+11 2.01167491e+11 2.01385221e+11 2.01833588e+11
 2.01909929e+11 2.02454951e+11 2.13593936e+11 2.14549915e+11
 2.26158847e+11 2.30058883e+11 2.31579444e+11 2.31784264e+11
 2.33901499e+11 2.37282428e+11 2.41426825e+11 2.47591685e+11
 2.48356591e+11 2.61500463e+11 4.23159907e+11]


curr_generation:  5
best weights:  [ 0.00000000e+00 -1.40510996e-12 -2.23262339e-13  4.52627774e-11
 -1.70467757e-10 -1.88124162e-15  8.73515568e-16  2.24426721e-05
 -1.97435585e-06 -1.63443799e-08  9.67247965e-10]
best fitness:  7.529560054644572e-12
-------------
[1.36663984e+10 2.42608407e+10 2.75559154e+10 2.84592760e+10
 2.84592760e+10 2.84592760e+10 2.85883606e+10 3.55563632e+10
 3.56648929e+10 3.56772050e+10 3.59602637e+10 3.69545738e+10
 3.69898042e+10 3.77322604e+10 6.38271785e+10 7.04307988e+10
 7.19533142e+10 9.63371801e+10 9.86426057e+10 1.78559301e+11
 3.06488128e+11 9.78306724e+11 1.88015750e+21] [1.68299718e+11 1.69282589e+11 2.00549503e+11 2.02949492e+11
 2.11515949e+11 2.11638624e+11 2.29911327e+11 2.31366531e+11
 2.32574305e+11 2.32873610e+11 2.34904631e+11 2.34950865e+11
 2.35171257e+11 2.50322026e+11 2.50322026e+11 2.50322026e+11
 2.50776497e+11 2.52893056e+11 2.61974890e+11 2.70858825e+11
 3.64455867e+11 1.09477651e+12 3.55697612e+21]


[2.48660896e+10 2.62641500e+10 2.90731210e+10 3.47908740e+10
 3.57764122e+10 3.60316610e+10 3.67671352e+10 3.68513440e+10
 3.69432921e+10 3.72372161e+10 3.79281911e+10 3.90167609e+10
 4.19711021e+10 6.92474438e+10 8.70525291e+10 9.63371801e+10
 1.02272064e+11 1.24570172e+11 1.53177347e+11 1.74796126e+11
 4.65644773e+11 3.76678657e+14 1.68230044e+21] [1.60193092e+11 1.65139791e+11 1.69282589e+11 1.74303093e+11
 2.05044818e+11 2.22358095e+11 2.22386275e+11 2.29361394e+11
 2.31070797e+11 2.31171255e+11 2.32202826e+11 2.32594103e+11
 2.32755837e+11 2.32873957e+11 2.34310833e+11 2.34697640e+11
 2.36470689e+11 2.48676874e+11 2.58909131e+11 2.65390345e+11
 5.31927907e+11 7.10294902e+14 3.18265639e+21]


[1.48958755e+10 2.89355964e+10 3.60316610e+10 3.63825027e+10
 3.64803252e+10 3.71871625e+10 3.73067667e+10 3.80225444e+10
 3.91471395e+10 3.96325864e+10 4.20826398e+10 4.23168425e+10
 4.34308536e+10 7.99803899e+10 8.70525291e+10 8.84534798e+10
 8.89203095e+10 1.00325336e+11 1.00736658e+11 1.16041660e+11
 1.22762490e+11 1.30836016e+11 1.36747091e+11] [1.55273706e+11 1.60647000e+11 1.65937580e+11 1.67617612e+11
 1.73164192e+11 1.73332975e+11 1.74303093e+11 1.78979610e+11
 2.19592767e+11 2.20835190e+11 2.21725700e+11 2.22153266e+11
 2.26402601e+11 2.29163102e+11 2.30518687e+11 2.32105512e+11
 2.32308380e+11 2.33536771e+11 2.33758179e+11 2.34310833e+11
 2.36679641e+11 2.52538928e+11 3.85694017e+11]


[2.94765526e+10 3.40140360e+10 3.67155328e+10 3.71386155e+10
 3.73913777e+10 3.96842566e+10 3.96988126e+10 4.01917777e+10
 4.17883929e+10 4.22228246e+10 4.32102302e+10 4.42202498e+10
 7.44455939e+10 8.25415356e+10 8.84110987e+10 8.89628593e+10
 8.92368995e+10 1.00608473e+11 1.04580626e+11 1.14414335e+11
 1.27398808e+11 6.95671481e+11 1.47298227e+30] [1.58633336e+11 1.62078987e+11 1.65995101e+11 1.72886569e+11
 1.73148908e+11 1.73348398e+11 1.76971793e+11 1.83042955e+11
 2.17980618e+11 2.19711381e+11 2.21904102e+11 2.22606999e+11
 2.25371312e+11 2.26267744e+11 2.26283649e+11 2.31913833e+11
 2.32431456e+11 2.33366963e+11 2.38958365e+11 2.52456962e+11
 7.22346351e+11 7.82862858e+11 1.49891632e+30]


[1.38971811e+10 3.08694481e+10 3.26299107e+10 3.56841979e+10
 3.57489016e+10 3.69268232e+10 3.69736972e+10 4.00587899e+10
 4.89559808e+10 5.44873451e+10 7.44455939e+10 7.51171315e+10
 7.52377298e+10 8.08599770e+10 8.18282115e+10 8.19952910e+10
 8.25415356e+10 8.25415356e+10 9.26057846e+10 1.03473954e+11
 1.06991514e+11 1.91781388e+11 2.94518903e+11] [1.64734927e+11 1.66125809e+11 1.71251642e+11 1.76971793e+11
 1.76971793e+11 1.77244896e+11 1.77332585e+11 1.77463899e+11
 1.82418001e+11 1.82496552e+11 1.83042955e+11 2.02627465e+11
 2.10428702e+11 2.25409466e+11 2.32946330e+11 2.32966829e+11
 2.35713642e+11 2.35862615e+11 2.42513222e+11 2.48538266e+11
 2.51850198e+11 2.72155043e+11 3.29670286e+11]


curr_generation:  10
best weights:  [ 0.00000000e+00 -1.17154626e-07 -2.31941019e-13  4.60567168e-11
 -1.68903660e-10 -1.83005416e-15  7.28121852e-09  2.29032239e-05
 -2.01828299e-06 -1.64979520e-08  9.87290006e-10]
best fitness:  7.778626196161037e-12
-------------
[2.81297694e+10 3.07459879e+10 3.63782118e+10 4.00587899e+10
 4.79913801e+10 5.05093989e+10 5.44873451e+10 5.44873451e+10
 5.44873451e+10 5.52263108e+10 5.54209021e+10 6.05435612e+10
 7.32990386e+10 7.43590630e+10 7.53249254e+10 7.53577885e+10
 8.18282115e+10 8.61975114e+10 9.54780766e+10 9.85500562e+10
 1.23018645e+11 1.33178322e+11 2.31723808e+11] [1.59664201e+11 1.68368021e+11 1.69471574e+11 1.74685991e+11
 1.77463899e+11 1.82314422e+11 1.82349883e+11 1.83111900e+11
 1.83936211e+11 1.95534120e+11 1.99618367e+11 2.01479560e+11
 2.01716918e+11 2.02627465e+11 2.02627465e+11 2.02627465e+11
 2.07910962e+11 2.11588493e+11 2.25409466e+11 2.33177025e+11
 2.33418436e+11 2.48905346e+11 2.57278465e+11]


best fitness achieved 7.778626196161037e-12