(9563.967326909518, 22751.456524548223)
[87480282071.31793, 44112710819.03852, 50633936374.81166, 33017290798.311615, 340985002637.9515, 1223743965015.608, 18250001065.68803, 166028240258.376, 215191808479.05112, 84925902817.13287, 1309070185205.094, 213246908764.35025, 45254121646.844765, 74636945941.99649, 122235815218.30289] [785660244798.3054, 219884435984.9406, 203624448328.21548, 488987614780.6359, 327294529370.85315, 3920789469739.436, 297677398804.8757, 1121809904983.3345, 1206105099608.3286, 185632408759.4083, 4164980501580.503, 1211138893387.5234, 607014786033.3557, 206524312328.18964, 216753777713.5352]
Lowest Val error: 1.8563240876e+11
Corresponding Train error: 8.4925902817e+10
Corresponding weights:  [ 0.00000000e+00 -1.43881776e-12 -2.25935966e-13  4.49528874e-11
 -1.70138453e-10 -1.83628962e-15  8.84530839e-16  2.23804221e-05
 -2.01034536e-06 -1.61074755e-08  9.77434066e-10]


------init---------
1.7354896612478759e-12
[84925902817.13287, 74011488372.26028, 252939315212.32788, 86201152718.4, 340168770886.74554, 18960152585.079224, 71673283441.72012, 419049425326.13025, 161089915642.49417, 17585367823.129887, 17447404173.183403, 25803622442.050804, 866372701286.8314, 927203480189.7903, 74608328198.7338] [185632408759.4083, 190622243258.6853, 235652225017.54385, 185318091279.95352, 327382468767.6745, 407403765572.0604, 190512575270.62833, 1792168061838.8765, 178588050984.59348, 305359725323.45886, 404970658785.975, 254835509160.55524, 943774057185.1135, 1018847669275.0872, 206509505671.59113]
Lowest Val error: 1.7858805098e+11
Corresponding Train error: 1.6108991564e+11
Corresponding weights:  [ 0.00000000e+00 -1.53705571e-12 -2.40837080e-13  4.84060405e-11
 -1.69941626e-10 -1.94506792e-15  8.22670592e-16  2.20099145e-05
 -1.99824328e-06 -1.51033077e-08  9.52255358e-10]


[28718082052.28235, 254114347326.74878, 18685805418.32923, 195340529435.73352, 21891960319.43479, 72833892105.17178, 48402210620.89488, 440687393855.66437, 59524268514.04291, 99351552739.26169, 17585367823.12979, 74327411605.5184, 19769748883.29245, 111990049908.88042, 288955159411.823] [246974096376.19028, 252535639362.02652, 395160369279.73035, 179440416280.06262, 270684667537.93375, 187593681412.8537, 197908422259.53705, 358185339206.7914, 175542054732.36575, 155453660816.69708, 305359725323.4598, 205322772135.74207, 340617226394.38214, 184138661221.38004, 282416881808.40875]
Lowest Val error: 1.5545366082e+11
Corresponding Train error: 9.9351552739e+10
Corresponding weights:  [ 0.00000000e+00 -1.48969871e-12 -2.30546428e-13  4.68804905e-11
 -1.76999931e-10 -1.78901983e-15  8.84084848e-16  2.35231447e-05
 -2.00078021e-06 -1.57277519e-08  9.53269620e-10]


[99351552739.26169, 64008506796.73826, 35444451678.380264, 48799970729.26157, 58950768369.68831, 74410872877.47552, 208934660728.76593, 25504448658.755554, 1683148982556.1602, 59524268514.04281, 59524268512.1635, 963462270435.695, 22107776372.10409, 74935675151.67227, 194256797219.8013] [155453660816.69708, 169692523736.413, 223706775402.68823, 196798332849.28638, 176385161755.43292, 187626074741.7797, 199321986918.0304, 366457224662.4068, 5099961764457.334, 175542054732.36465, 175542054732.9833, 1095996595721.127, 275475636458.05804, 203491385345.60428, 190069658522.59613]
Lowest Val error: 1.5545366082e+11
Corresponding Train error: 9.9351552739e+10
Corresponding weights:  [ 0.00000000e+00 -1.48969871e-12 -2.30546428e-13  4.68804905e-11
 -1.76999931e-10 -1.78901983e-15  8.84084848e-16  2.35231447e-05
 -2.00078021e-06 -1.57277519e-08  9.53269620e-10]


[296276581719.4416, 87531851810.04745, 20608420257.31947, 59524268514.540634, 59524268511.7427, 59524268514.12252, 59524268512.078896, 512374444240.2555, 208509217966.95868, 34147515331.655254, 1887121989047.3618, 62656386116.62877, 48799970729.26157, 36934967574.877975, 277989770843.6814] [261639651462.46347, 157669502643.7837, 252188284633.29376, 175542054732.20187, 175542054733.1236, 175542054732.33847, 175542054733.01312, 1980560577215.0598, 213109845722.41144, 516705081713.8942, 2426928976431.937, 185704504631.04636, 196798332849.28638, 219343869942.09424, 296498861664.3944]
Lowest Val error: 1.5766950264e+11
Corresponding Train error: 8.7531851810e+10
Corresponding weights:  [ 0.00000000e+00 -1.48329066e-12 -2.30196360e-13  4.58935614e-11
 -1.74713735e-10 -1.78029206e-15  8.89970909e-16  2.33105194e-05
 -1.99245111e-06 -1.58259531e-08  9.54247718e-10]


curr_generation:  5
best weights:  [ 0.00000000e+00 -1.48329066e-12 -2.30196360e-13  4.58935614e-11
 -1.74713735e-10 -1.78029206e-15  8.89970909e-16  2.33105194e-05
 -1.99245111e-06 -1.58259531e-08  9.54247718e-10]
best fitness:  7.319132842888947e-12
-------------
[87531851810.04745, 97832214774.01364, 60029026262.59371, 1422636528974.2417, 272882932789.1502, 41456158718.339905, 94886031935.87216, 927512603175.7946, 59531145053.56284, 59524268512.12805, 59524268514.49117, 94918195588.61205, 64869655250.04311, 59524268511.781166, 357815274072.3109] [157669502643.7837, 155662989540.9416, 174730454392.2828, 1711663558244.6338, 1282854470732.728, 196549140710.16595, 156204373008.95868, 1044380710251.7582, 175573119358.03482, 175542054732.99673, 175542054732.21793, 157159410857.9433, 181930893979.39157, 175542054733.11087, 1591800374011.3423]
Lowest Val error: 1.5566298954e+11
Corresponding Train error: 9.7832214774e+10
Corresponding weights:  [ 0.00000000e+00 -1.48892740e-12 -2.30504292e-13  4.68365647e-11
 -1.76858370e-10 -1.78796932e-15  8.84048182e-16  2.34975522e-05
 -1.99977768e-06 -1.57395719e-08  9.53387349e-10]


[66953012079.54259, 98674522527.27141, 83999916780.983, 29699793782.49713, 29799374417.971428, 107766065783.61023, 341176085799.46454, 64112058243.87907, 139629581243.4846, 96394707028.21193, 86230709115.12015, 95537022875.4616, 632399289707.7589, 148447669813.65945, 77792922586.27797] [163151816939.7082, 157042975934.90955, 158076298475.33902, 237191665067.01523, 218528067531.93253, 155973106350.57812, 331661943289.1007, 599501593195.642, 974425119384.194, 157103455389.87173, 157805368542.3323, 156017246141.7879, 642286946439.2964, 176317932812.5097, 157200706524.24197]
Lowest Val error: 1.5597310635e+11
Corresponding Train error: 1.0776606578e+11
Corresponding weights:  [ 0.00000000e+00 -1.49608457e-12 -2.31012084e-13  4.79609397e-11
 -1.79205564e-10 -1.80851448e-15  8.72013105e-16  2.37099863e-05
 -2.01014075e-06 -1.57079723e-08  9.55171147e-10]


[467506716190.1834, 1657857497292.5457, 183831482302.60995, 1124707997903.2727, 77792922586.27843, 97832214774.01364, 33096935602.90368, 296197475753.6615, 39305711373.31473, 83298548786.9996, 36849697089.67123, 96551333266.03262, 97673307480.89001, 82853797332.02121, 109350881433.9309] [438708257624.68726, 1963316032832.5874, 193376513043.29984, 1183988936966.7803, 157200706524.24185, 155662989540.9416, 219358765780.87332, 1498794673461.3137, 519919389427.95886, 158158870275.2898, 199634707388.6392, 156942812371.24033, 155818529358.08734, 158307310938.03287, 155962443932.40378]
Lowest Val error: 1.5566298954e+11
Corresponding Train error: 9.7832214774e+10
Corresponding weights:  [ 0.00000000e+00 -1.56250651e-12 -2.19061741e-13  4.68365647e-11
 -1.76858370e-10 -1.78796932e-15  8.84048182e-16  2.34975522e-05
 -1.99977768e-06 -1.57395719e-08  9.53387349e-10]


[523030721957.9341, 86597740055.74464, 306667334209.70984, 256379989873.18573, 779084331150.9034, 86474952701.69011, 30004024715.118263, 44570853516.02452, 20503367995.094463, 129635396559.66289, 93857655116.61177, 64186467386.63499, 82853797332.02461, 136618977483.3619, 88097597584.08812] [462586619300.4266, 157617985752.3284, 257886052315.83853, 1304137571565.512, 816988377222.3711, 157637197192.42987, 476328199171.76086, 186356334546.21844, 342715580751.76013, 165141883808.77322, 157075002653.19843, 168873695140.685, 158307310938.03287, 157003638552.3059, 157330539186.15216]
Lowest Val error: 1.5700363855e+11
Corresponding Train error: 1.3661897748e+11
Corresponding weights:  [ 0.00000000e+00 -1.47566907e-12 -2.30845089e-13  4.75419057e-11
 -1.75920375e-10 -1.89230560e-15  8.64235141e-16  2.36317655e-05
 -2.00655018e-06 -1.57301356e-08  9.54924612e-10]


[35428881174.11499, 86573899310.29663, 25298054893.46065, 864122367052.6785, 82818288193.16292, 43800859571.99598, 1235715904105.014, 38883887865.72315, 1382526980923.2861, 23849005558.061226, 95473283479.95169, 52010379620.164375, 1582969546126.0193, 81604399352.44865, 47670297580.78893] [201300807628.25604, 157620853116.69766, 243077277924.46655, 2989877334926.5806, 158314672028.2388, 187639359487.2996, 1362457458329.7969, 196373165996.98346, 1581072951197.4773, 249476948062.28156, 156947511140.26086, 176668527483.86273, 1900146881343.1753, 158666361523.65042, 181923230152.1755]
Lowest Val error: 1.5694751114e+11
Corresponding Train error: 9.5473283480e+10
Corresponding weights:  [ 0.00000000e+00 -1.51130765e-12 -2.30535022e-13  4.67258006e-11
 -1.80097999e-10 -1.79310567e-15  8.88024110e-16  2.34599183e-05
 -1.99955625e-06 -1.57965649e-08  9.55076482e-10]


curr_generation:  10
best weights:  [ 0.00000000e+00 -1.48287837e-12 -2.30160411e-13  4.58259622e-11
 -1.73818123e-10 -1.77848943e-15  9.16197652e-16  2.33231524e-05
 -1.99179335e-06 -1.58080315e-08  9.53980031e-10]
best fitness:  7.377472744920552e-12
-------------
[54484204498.98156, 81894032218.35867, 87594768939.91414, 91999753326.8757, 547973520420.42285, 301442580854.95465, 19577972747.754612, 17141983408.404505, 286098317895.39905, 24668768232.437653, 79160632999.07175, 80743588897.56534, 91038790417.65549, 39035679155.886, 20661373448.36127] [572783054407.4237, 158512466152.1938, 157459300948.51215, 157139568699.00583, 521488075682.0174, 1489625751765.1577, 348888087853.83606, 335063868154.50574, 1444765563099.5754, 243296258945.17123, 159055749386.9181, 699595068758.599, 149530328752.43997, 196066875264.43295, 301607909314.25555]
Lowest Val error: 1.4953032875e+11
Corresponding Train error: 9.1038790418e+10
Corresponding weights:  [ 0.00000000e+00 -1.48612910e-12 -2.30238189e-13  4.61931527e-11
 -1.68144725e-10 -1.79366130e-15  8.89645146e-16  2.48369254e-05
 -2.01966433e-06 -1.58517551e-08  9.54094858e-10]


[91038790417.65549, 28282256168.60099, 82702111518.19202, 79563161498.92021, 99186375127.37488, 39035679155.88595, 435490490108.3845, 21408505120.274513, 17128011297.12052, 51518513888.60554, 654885562974.0469, 110982728558.6993, 525478153763.6198, 64124589969.814255, 291344633205.099] [149530328752.43997, 234864039213.51044, 158337787647.54556, 158958372517.36237, 838088364481.6107, 196066875264.43335, 1865524543724.0125, 270133199973.816, 341179490996.4537, 575679588880.3535, 652388242265.3672, 136333240931.47412, 2124161089651.5103, 165786407204.96326, 257264755640.58292]
Lowest Val error: 1.3633324093e+11
Corresponding Train error: 1.1098272856e+11
Corresponding weights:  [ 0.00000000e+00 -1.51708474e-12 -2.30905952e-13  4.57976723e-11
 -1.76661311e-10 -1.77846809e-15  8.73983474e-16  2.43467436e-05
 -1.99177932e-06 -1.51756164e-08  9.31049695e-10]


[110982728558.6993, 204310363368.13605, 345937164139.48694, 18205297833.43971, 495489072706.2363, 424411635144.9703, 351462081182.83923, 69129723352.03174, 365840464208.38525, 37164215043.10011, 54587882237.31581, 20191855353.735367, 17202358435.485424, 110982728558.6993, 110982728558.6993] [136333240931.47412, 1184054768894.3923, 263717024504.5495, 373722099420.4596, 475516328847.21497, 392109312467.1279, 1626356298904.2883, 161444980378.65912, 311248928249.13934, 536665965318.2894, 177255913923.88562, 308978336416.1286, 335821123422.18146, 136333240931.47412, 136333240931.47412]
Lowest Val error: 1.3633324093e+11
Corresponding Train error: 1.1098272856e+11
Corresponding weights:  [ 0.00000000e+00 -1.51708474e-12 -2.30905952e-13  4.57976723e-11
 -1.76661311e-10 -1.77846809e-15  8.73983474e-16  2.43467436e-05
 -1.99177932e-06 -1.51756164e-08  9.31049695e-10]


[52095783702.331436, 1197230501561.2935, 111156916418.23349, 113341262149.597, 54334171535.28183, 105201024036.38611, 294414319812.0373, 69372145833.60492, 959013576674.633, 259634818373.37744, 266051288165.18277, 1228285657165.2834, 110982728558.6993, 20191855353.735493, 19715562515.688187] [236011367478.91333, 1304188039069.2112, 136312353431.63005, 135874268875.63982, 178692505486.87433, 137667141248.39542, 230553598358.42236, 161213535460.19684, 879735839398.26, 204516643722.88846, 1341773898413.568, 1383313823565.2837, 136333240931.47412, 308978336416.1255, 317439540182.8014]
Lowest Val error: 1.3587426888e+11
Corresponding Train error: 1.1334126215e+11
Corresponding weights:  [ 0.00000000e+00 -1.51808099e-12 -2.30943358e-13  4.57621345e-11
 -1.76787009e-10 -1.77703984e-15  8.72734509e-16  2.43709113e-05
 -1.99277404e-06 -1.51468507e-08  9.30525290e-10]


[67407739949.54057, 67201327250.36415, 126142107920.73088, 30266724181.13136, 97068459300.83926, 94451423012.87805, 25486883064.583275, 111156381138.9052, 110983263271.65564, 43461437286.50346, 34577531750.86497, 24687121733.56359, 37679828005.32421, 1740257799229.233, 136752644663.02051] [163486261672.97644, 161840079973.242, 131551041886.79846, 227911620783.57846, 139701934045.69733, 143369336648.17322, 234060698328.3515, 136312417042.88326, 136333176236.06894, 249888592179.8902, 211356297351.25177, 378655760191.0597, 196959619277.84818, 2151988085728.4116, 139384720797.87286]
Lowest Val error: 1.3155104189e+11
Corresponding Train error: 1.2614210792e+11
Corresponding weights:  [ 0.00000000e+00 -1.52717632e-12 -2.31220009e-13  4.58412859e-11
 -1.78213944e-10 -1.77883024e-15  8.62792587e-16  2.45147910e-05
 -1.99094743e-06 -1.50211279e-08  9.25371088e-10]


curr_generation:  15
best weights:  [ 0.00000000e+00 -1.51342187e-12 -2.30828740e-13  4.57817986e-11
 -1.81487762e-10 -1.74952994e-15  8.78067562e-16  2.42856445e-05
 -1.99218333e-06 -1.52323539e-08  9.33133310e-10]
best fitness:  7.879482270869889e-12
-------------
[97068459309.23384, 67648278452.657875, 365672128427.2168, 847958905865.5344, 117353573087.79477, 236247352507.30768, 136296905723.9709, 66243303459.337425, 126189474968.12466, 239264586119.3675, 32413482325.715797, 359513633450.67474, 111551551881.54092, 67439928847.672485, 94389511168.5252] [139701934046.44202, 163995433547.67914, 274763521019.75815, 879381337574.3783, 843669544855.7747, 177788692255.50186, 916018032946.8203, 159982085520.27896, 131472585904.18506, 206133558908.14667, 331892630057.7689, 1654383595742.1372, 136127238921.53235, 163423483404.10184, 143376556891.59473]
Lowest Val error: 1.3147258590e+11
Corresponding Train error: 1.2618947497e+11
Corresponding weights:  [ 0.00000000e+00 -1.52727810e-12 -2.31527182e-13  4.58417290e-11
 -1.77500620e-10 -1.78273524e-15  8.62678025e-16  2.45318008e-05
 -1.99093125e-06 -1.50194782e-08  9.25310719e-10]


[97068459309.23384, 85975665549.72762, 150411017091.1441, 66243303459.337425, 47997948688.36456, 111551551881.54092, 111551551881.54092, 135028736444.3389, 55182058195.22748, 302068792708.93536, 444423594694.15735, 764571910540.0383, 179976144291.32938, 255834506335.97617, 396190321818.4169] [139701934046.44202, 145122457993.9676, 1000992002001.7009, 159982085520.27896, 311975143938.12415, 136127238921.53235, 136127238921.53235, 920239506815.5842, 176625796176.40457, 1454974937929.7056, 350068130823.2596, 2747804582043.1475, 1102689141750.9106, 182855560176.02155, 280254638117.7074]
Lowest Val error: 1.3612723892e+11
Corresponding Train error: 1.1155155188e+11
Corresponding weights:  [ 0.00000000e+00 -1.51748812e-12 -2.30917922e-13  4.57994163e-11
 -1.76723364e-10 -1.77848118e-15  8.73535799e-16  2.43534625e-05
 -1.99174445e-06 -1.51694417e-08  9.30822725e-10]


[97068459309.23384, 926844944700.941, 121412944819.71114, 325098576228.61633, 124974454680.92136, 75199142722.42165, 104594724817.02377, 67036550359.813576, 66654230752.97797, 111334576362.6219, 97268111459.43654, 990469763157.7625, 84070977138.64735, 53812235211.46179, 66538567774.95271] [139701934046.44202, 869977468099.4335, 132609565770.91167, 253221486700.8881, 131659329959.97348, 150039395122.46362, 138048038258.23257, 578283528559.6389, 576280745355.5789, 136170046082.37814, 139641909792.6388, 915197636957.4065, 146036555481.85995, 218804102729.12485, 159648951989.60867]
Lowest Val error: 1.3165932996e+11
Corresponding Train error: 1.2497445468e+11
Corresponding weights:  [ 0.00000000e+00 -1.52670681e-12 -2.31676129e-13  4.58124198e-11
 -1.77824484e-10 -1.78170550e-15  8.63333685e-16  2.45285652e-05
 -1.99097008e-06 -1.50268317e-08  9.25553307e-10]


[30049341879.922707, 79934115478.51556, 97728372069.11139, 1755090729152.9749, 1310849678384.647, 657261109996.0591, 309218023992.3426, 97068459309.23581, 97068459309.23581, 99794818085.8395, 1515655847793.8164, 27560557122.94447, 61515200960.36936, 1282347979589.2903, 1149699175592.2688] [271375006365.90985, 150975541145.73645, 139616759490.2763, 2121142176377.3074, 1446286327242.2476, 607384415717.3317, 260247101103.1744, 139701934046.44125, 139701934046.44125, 138815098962.53165, 1692506693293.6316, 280205620417.9136, 468093189052.33704, 1378292690858.596, 1306997575103.475]
Lowest Val error: 1.3881509896e+11
Corresponding Train error: 9.9794818086e+10
Corresponding weights:  [ 0.00000000e+00 -1.51572538e-12 -2.37757158e-13  4.46187653e-11
 -1.90868858e-10 -1.74983035e-15  8.82895320e-16  2.43109930e-05
 -1.99265780e-06 -1.52191709e-08  9.32669658e-10]


[49927642463.324196, 196435324946.42447, 2718421860109.2373, 30479708676.411293, 93273862791.30533, 27969245128.07942, 48106730340.796745, 100036514795.04587, 97491491313.3517, 37844740757.69078, 272234807338.15698, 30255859028.95452, 42815297728.04947, 329386836777.31067, 813298768053.702] [428254903841.5082, 1140401925343.2244, 3598948486706.6064, 256898791055.62518, 140922932806.08905, 258934127931.99127, 203811844960.94717, 138723281637.5362, 139710602308.3602, 440560405629.4025, 227579967327.55634, 269357335442.5901, 266674637567.93768, 261134294373.80215, 801963454624.8923]
Lowest Val error: 1.3872328164e+11
Corresponding Train error: 1.0003651480e+11
Corresponding weights:  [ 0.00000000e+00 -1.51598254e-12 -2.37701569e-13  4.46222274e-11
 -1.90848700e-10 -1.74997573e-15  8.82540937e-16  2.43159716e-05
 -1.99271115e-06 -1.52175491e-08  9.32607794e-10]


curr_generation:  20
best weights:  [ 0.00000000e+00 -1.51256125e-12 -2.37856890e-13  4.46756199e-11
 -1.89982443e-10 -1.74711977e-15  8.86293161e-16  2.42779918e-05
 -1.99194630e-06 -1.52249772e-08  9.33223657e-10]
best fitness:  7.897134341329604e-12
-------------
[93273862791.31435, 41188935377.310585, 98489182240.79466, 46203728155.04895, 34472351887.72627, 26133251731.32513, 352225330404.39795, 30492351698.117035, 1805347751114.2083, 38863360773.48822, 61100493877.215515, 77811021022.86421, 205089669828.93723, 55500474509.24308, 99866550872.47108] [140922932806.09186, 237750076229.63812, 139192106096.00882, 197971209570.932, 215872125412.86932, 260889041270.24847, 250290365610.66083, 256746077325.90503, 2213728148293.047, 316733653325.59045, 169328891467.93442, 680338130743.8304, 153023789168.51978, 176557862733.90744, 139201638268.88336]
Lowest Val error: 1.3919210610e+11
Corresponding Train error: 9.8489182241e+10
Corresponding weights:  [ 0.00000000e+00 -1.51085131e-12 -2.37854523e-13  4.46767826e-11
 -1.89966643e-10 -1.74704333e-15  8.86318470e-16  2.42750054e-05
 -1.99193878e-06 -1.52488213e-08  9.33226523e-10]


[93273862791.31435, 50022591656.676895, 199087288609.34503, 103679129961.42543, 204748776791.8406, 94318447217.40479, 203931085519.8755, 205598791302.03015, 204176135784.67346, 205598791312.8443, 273186132540.34702, 1119165479853.0083, 98489182240.79466, 33524192587.802784, 1390251498082.7156] [140922932806.09186, 206947259256.73126, 150276196785.59335, 138793628347.8594, 152863548495.73666, 140438115266.20697, 152481215921.62946, 153264031799.0281, 140583254173.43527, 153264031807.34326, 1378797565897.921, 1196204344701.8875, 139192106096.00882, 218552966300.68796, 1526317688420.4631]
Lowest Val error: 1.3879362835e+11
Corresponding Train error: 1.0367912996e+11
Corresponding weights:  [ 0.00000000e+00 -1.51241176e-12 -2.37771320e-13  4.39047416e-11
 -1.89895980e-10 -1.77827277e-15  8.95037186e-16  2.42798878e-05
 -1.99190513e-06 -1.52248999e-08  9.33131233e-10]


[82695912096.60672, 952111741991.0494, 98146309906.25323, 185187390590.6376, 277172046132.58276, 117035241235.08244, 93411850097.17548, 768181883007.8625, 36412445484.44749, 28873514001.89762, 227332984353.08456, 35650957260.184525, 93372451081.48183, 48286740295.41489, 248408443478.8366] [147186818436.0411, 933935622746.2302, 139434711915.44894, 155788816638.80823, 1388699055464.7378, 849505293635.5411, 743122586656.9368, 2758243060483.278, 209028247304.07675, 240383535206.4066, 164245595518.30307, 205113838529.65424, 140876360019.59534, 198942366997.1023, 1307316009747.854]
Lowest Val error: 1.3943471192e+11
Corresponding Train error: 9.8146309906e+10
Corresponding weights:  [ 0.00000000e+00 -1.51039371e-12 -2.37905461e-13  4.45810517e-11
 -1.89861396e-10 -1.75067526e-15  8.87713774e-16  2.42700106e-05
 -1.99187274e-06 -1.52420559e-08  9.33236958e-10]


[1211763635655.2537, 416560991890.93353, 72233807748.2562, 242016498092.278, 2600352787828.6826, 93341567855.86903, 252615419911.6154, 51317867486.143745, 40223346182.828514, 81129934930.73178, 1037452490820.4504, 366646474039.68475, 94884287026.41237, 215517090294.8158, 208857517323.82584] [1300547659749.1138, 1793924431226.0833, 160115714262.41245, 1283558369398.3171, 3412344708435.8096, 141052534391.99283, 1277822613712.868, 189761489586.9337, 227965976740.6599, 148619582625.27252, 1085779947366.5369, 270330824284.09708, 140507579350.25354, 168077449235.79413, 168825673745.624]
Lowest Val error: 1.4050757935e+11
Corresponding Train error: 9.4884287026e+10
Corresponding weights:  [ 0.00000000e+00 -1.51251500e-12 -2.37263262e-13  4.38970268e-11
 -1.89955692e-10 -1.75177626e-15  8.87621985e-16  2.42785784e-05
 -1.99193356e-06 -1.52249533e-08  9.33195062e-10]


[1249332074173.391, 76822766695.12239, 49269238256.39267, 71841754622.83093, 93978944785.45491, 57631052541.83812, 799146237038.6844, 45590052705.5817, 183299314079.64203, 52745597670.73377, 51893998059.49272, 95114101795.26558, 470194193765.7274, 75890901644.1418, 139941146958.99036] [1304045801302.543, 155407988258.6946, 189368573992.3287, 160863470765.77545, 140870575463.55927, 379531607729.64667, 749268842012.2751, 201878248858.82874, 1082566090502.1625, 469557180574.67804, 188337441463.8482, 140387344032.74976, 1946830329825.1313, 151752735150.02167, 133816491328.01938]
Lowest Val error: 1.3381649133e+11
Corresponding Train error: 1.3994114696e+11
Corresponding weights:  [ 0.00000000e+00 -1.63377653e-12 -2.44764913e-13  4.38338313e-11
 -1.83389974e-10 -1.73898024e-15  8.86072542e-16  2.45911850e-05
 -1.99185978e-06 -1.54008067e-08  9.30234832e-10]


curr_generation:  25
best weights:  [ 0.00000000e+00 -1.50709739e-12 -2.38224524e-13  4.46464315e-11
 -1.89323768e-10 -1.74641997e-15  8.88716597e-16  2.42304788e-05
 -1.99157433e-06 -1.52256244e-08  9.33351217e-10]
best fitness:  7.886243383292482e-12
-------------
[93978944785.45491, 92208763220.35576, 50704353076.52287, 407759378454.8252, 93758838007.3848, 71292065868.6394, 275719902498.40936, 354208971280.3814, 83651266920.75719, 69810477340.8832, 28028475811.351112, 192477373959.30685, 1373657248300.733, 61839042343.1282, 37478560074.49093] [140870575463.55927, 141659383160.6994, 554730568768.073, 336322989934.5679, 140966296131.26642, 162205486789.6955, 218130096069.73288, 298531048081.6977, 145685219994.30576, 199378567181.60742, 262759623618.08383, 173318097384.10516, 1571228730161.6345, 657533880408.2181, 228834414909.5224]
Lowest Val error: 1.4087057546e+11
Corresponding Train error: 9.3978944785e+10
Corresponding weights:  [ 0.00000000e+00 -1.50709739e-12 -2.38224524e-13  4.46464315e-11
 -1.89323768e-10 -1.74641997e-15  8.88716597e-16  2.42304788e-05
 -1.99157433e-06 -1.52256244e-08  9.33351217e-10]


[93978944785.45491, 94935306049.46475, 299190263922.83575, 83892883191.6786, 361652118572.37024, 510457235622.4879, 94958084022.79237, 83273985101.88101, 579779181903.2378, 92208763220.35556, 92208763220.35672, 89125912873.03093, 634707420313.1667, 381265875320.1322, 496677265845.95] [140870575463.55927, 140999988847.9227, 238017966539.65338, 146006606043.4776, 282831482557.41077, 403221130604.56976, 140995668877.40265, 145912128284.99045, 2239905013897.4785, 141659383160.6995, 141659383160.69986, 142817335359.82486, 534827086494.0763, 289641672687.3634, 1985538670222.5044]
Lowest Val error: 1.4087057546e+11
Corresponding Train error: 9.3978944785e+10
Corresponding weights:  [ 0.00000000e+00 -1.50709739e-12 -2.31683231e-13  4.46464315e-11
 -1.89323768e-10 -1.74641997e-15  8.88716597e-16  2.42304788e-05
 -1.99157433e-06 -1.52256244e-08  9.33351217e-10]


[43489873797.66654, 235997711880.61295, 207253575761.51093, 172814129860.86224, 91770417060.57448, 92208763220.35556, 92208763220.35672, 92378903876.55383, 272136736312.78998, 88088525573.2567, 2068241102924.886, 77697321553.24539, 428230960067.0688, 1385901874775.1711, 31349375229.24071] [274023246823.12555, 1283705657636.2798, 168415636788.3416, 162337494352.76, 141692476944.96274, 141659383160.6996, 141659383160.6999, 141600899569.64215, 229759710952.7377, 143285102157.98053, 2511621917501.419, 573374318274.5215, 345099288956.50323, 1460037952244.8083, 230439763197.85785]
Lowest Val error: 1.4160089957e+11
Corresponding Train error: 9.2378903877e+10
Corresponding weights:  [ 0.00000000e+00 -1.50708657e-12 -2.38313850e-13  4.47464853e-11
 -1.89195573e-10 -1.74451138e-15  8.88768695e-16  2.42018226e-05
 -1.99151825e-06 -1.52092458e-08  9.33328241e-10]


[91770417060.57448, 28952229867.583973, 1557705232274.8943, 85243963603.53288, 80440585297.91655, 52776020380.62306, 161789609922.6276, 91479973844.28447, 67185353292.1709, 44161693473.00771, 77245267214.987, 43514146649.948685, 243016083442.78653, 115537625898.47067, 27393882713.941986] [141692476944.96274, 399993767029.87115, 1714558889817.8948, 144381995842.10846, 146879644308.66074, 188530797881.8455, 146847774441.2209, 141919952050.0081, 152556733895.791, 239662859968.65594, 148985032261.59695, 255698156058.7645, 213482538099.92603, 137271540517.01865, 255193328950.79462]
Lowest Val error: 1.3727154052e+11
Corresponding Train error: 1.1553762590e+11
Corresponding weights:  [ 0.00000000e+00 -1.45554994e-12 -2.39832482e-13  4.45164222e-11
 -1.82218275e-10 -1.77545006e-15  8.88172298e-16  2.42331934e-05
 -1.99236930e-06 -1.52386828e-08  9.32906419e-10]


[85813007812.35553, 60120163805.09059, 69719207111.55565, 68236164742.813416, 90144978925.15323, 144933195862.78113, 140539068488.77783, 113066082438.13034, 302036458237.22217, 139663125681.16302, 89317285568.29086, 204809081668.1347, 75983153737.66895, 80978947676.3742, 104542640986.25485] [144188376000.2661, 169072994624.66714, 150964062374.94162, 151878670296.12143, 142286453102.63193, 135614849161.5903, 155296791080.09744, 833086130194.4441, 1467015117528.7876, 964200985900.9209, 142528517102.5565, 183238496065.07413, 150119585677.97495, 146561850641.4964, 139765242778.7828]
Lowest Val error: 1.3561484916e+11
Corresponding Train error: 1.4493319586e+11
Corresponding weights:  [ 0.00000000e+00 -1.50721525e-12 -2.38330355e-13  4.60972509e-11
 -1.89423828e-10 -1.73086769e-15  9.13556565e-16  2.42086504e-05
 -1.99153311e-06 -1.49579921e-08  9.24081436e-10]


curr_generation:  30
best weights:  [ 0.00000000e+00 -1.51577448e-12 -2.38230394e-13  4.45466880e-11
 -1.90682917e-10 -1.74307546e-15  8.88260405e-16  2.42305353e-05
 -1.99148973e-06 -1.52353869e-08  9.33830417e-10]
best fitness:  7.901069280355094e-12
-------------
[89317285568.29086, 446904021497.0641, 53735170705.327446, 84828251495.53198, 136463564481.4114, 73760202316.98239, 302881320851.0657, 35189288874.82155, 84944819505.57684, 140151920899.85214, 102035073351.51996, 68295796003.2177, 39264491420.0529, 65347110888.822876, 86752926736.1948] [142528517102.5565, 381195669666.317, 174409785369.04324, 144503132144.78302, 902612440691.234, 148736685394.3864, 238683004235.8419, 212388313900.2655, 144681878066.96198, 938374948809.7883, 140085830968.08102, 151843906847.58548, 243226385179.27563, 618240703640.5817, 143577425124.99356]
Lowest Val error: 1.4008583097e+11
Corresponding Train error: 1.0203507335e+11
Corresponding weights:  [ 0.00000000e+00 -1.51114460e-12 -2.45797007e-13  4.26903881e-11
 -1.89017183e-10 -1.79973053e-15  8.52975330e-16  2.42788534e-05
 -1.99157103e-06 -1.52200083e-08  9.33632961e-10]


[425581236793.6334, 357789862140.8231, 74398128410.86613, 51826507302.46553, 151038210461.1862, 70336887445.02756, 1650612770942.2847, 3429110847217.914, 73779038645.61594, 72627906263.28873, 1260874534897.1726, 92387461505.6044, 71216069107.29085, 86549600153.9373, 48752739697.43727] [325797072196.67633, 1600590283670.0986, 148365437004.80865, 556802654754.3102, 137746956232.5202, 150648074528.38162, 1918518531811.6226, 4739869375756.431, 148724795565.06616, 152184092307.40704, 3990266587509.2764, 141687357960.9652, 150135957538.26907, 143684945067.23907, 195810266315.55884]
Lowest Val error: 1.3774695623e+11
Corresponding Train error: 1.5103821046e+11
Corresponding weights:  [ 0.00000000e+00 -1.56431893e-12 -2.39985546e-13  4.11066218e-11
 -1.89957673e-10 -1.71632492e-15  8.91953359e-16  2.47509146e-05
 -1.99160090e-06 -1.57198286e-08  9.33637263e-10]


[485839110754.76886, 100751401443.51653, 870286578482.157, 73575958333.90843, 202867182011.609, 73264399431.45847, 65764375907.64097, 74257450573.58047, 109072479705.28122, 69217846901.54907, 49800767192.80338, 95520512147.10782, 202770254388.06592, 75457302011.0493, 471421344934.1935] [420444351693.7417, 140177383899.36203, 901299159875.6266, 148831533916.69077, 161936421154.57492, 148997713928.7346, 153440234805.60257, 148406622337.71976, 145145997378.3386, 152103936477.32062, 191584357121.50354, 141192025532.68555, 1157334092730.0518, 152559989889.24356, 371354073683.805]
Lowest Val error: 1.4017738390e+11
Corresponding Train error: 1.0075140144e+11
Corresponding weights:  [ 0.00000000e+00 -1.50606837e-12 -2.38955604e-13  4.35648488e-11
 -1.89948380e-10 -1.76525343e-15  8.85901273e-16  2.42299304e-05
 -1.99370440e-06 -1.51913297e-08  9.33541561e-10]


[63272157649.06571, 72645551223.62729, 73356644545.26628, 21747900446.102596, 80911111949.98364, 73243974354.30449, 86611444049.76248, 103332512139.21484, 205994465935.571, 74061603893.22359, 38659190682.294556, 69282934585.9255, 73507107040.92337, 141143092239.69873, 292356281001.424] [155036650149.49945, 149530463412.25873, 148919899871.69992, 323893157191.11975, 145135091915.87274, 149008674039.69836, 143559966468.3507, 139463498994.27005, 1168890920126.3357, 148421700925.39844, 339509434256.8314, 152050476863.68372, 148878645905.98264, 160452438313.93423, 242032007492.25888]
Lowest Val error: 1.3946349899e+11
Corresponding Train error: 1.0333251214e+11
Corresponding weights:  [ 0.00000000e+00 -1.50495428e-12 -2.41919417e-13  4.32236307e-11
 -1.94312113e-10 -1.76583158e-15  8.67712330e-16  2.42297499e-05
 -1.99363407e-06 -1.51866972e-08  9.33221994e-10]


[80911111949.98364, 111413890028.88315, 70961570987.72296, 70264820233.41142, 82514835851.69199, 87565764790.94734, 135239210839.3322, 73251002447.53226, 176709328586.04553, 1112617493065.5132, 75110081084.45772, 87975409915.43285, 73464212324.62454, 1130777601811.981, 70615644928.90115] [145135091915.87274, 151569183929.58307, 150033118828.2583, 155320291609.88678, 144614793769.0624, 143274388884.74725, 140577357235.30893, 149006478382.14905, 176098086958.36566, 1207908926604.9934, 153658491843.1886, 143147898378.77274, 148899757808.41, 1214989426159.2766, 150869721013.41687]
Lowest Val error: 1.4057735724e+11
Corresponding Train error: 1.3523921084e+11
Corresponding weights:  [ 0.00000000e+00 -1.52856395e-12 -2.38762384e-13  4.54850159e-11
 -1.89972366e-10 -1.68311543e-15  8.68896394e-16  2.42867624e-05
 -1.99156779e-06 -1.55177301e-08  9.33575148e-10]


curr_generation:  35
best weights:  [ 0.00000000e+00 -1.50740535e-12 -2.31748845e-13  4.47271874e-11
 -1.89994871e-10 -1.68752623e-15  8.26181299e-16  2.41142214e-05
 -1.99157026e-06 -1.52097031e-08  9.33572706e-10]
best fitness:  7.944837535835196e-12
-------------
[586912712084.8724, 88311842446.31186, 25639359195.43946, 140810138663.6573, 1484208452837.773, 82955096657.73544, 809992589112.3157, 88688154220.61903, 248888631088.19376, 88019567229.64801, 175877932069.05917, 88732715064.35394, 81819878669.56909, 80133708257.55319, 88558463974.17921] [517545932686.6247, 143071971016.23566, 249670040968.69604, 937906377571.0461, 1677559631480.1685, 144478895130.63837, 738121553500.4069, 142988871724.64346, 182915164840.725, 143137844065.91382, 159187385407.2093, 142979158151.07672, 144836180458.07727, 146671606499.17014, 143493400088.5953]
Lowest Val error: 1.4297915815e+11
Corresponding Train error: 8.8732715064e+10
Corresponding weights:  [ 0.00000000e+00 -1.55891707e-12 -2.39491573e-13  4.32681076e-11
 -1.89978202e-10 -1.74669251e-15  9.03433670e-16  2.42368737e-05
 -1.99156964e-06 -1.52141194e-08  9.33572072e-10]


[81819878669.56909, 88019567229.64801, 553368886084.107, 1849638348916.8774, 87716582837.42825, 1187352113398.0818, 77337592789.07669, 487839930733.5713, 162135190254.03726, 36058300352.812164, 71353983526.83426, 119243109498.36304, 89818792115.83682, 86938153839.02461, 494670610167.18115] [144836180458.07727, 143137844065.91397, 490561229492.6918, 2211103069795.123, 143207374754.88452, 1301660052247.1587, 148103343279.3329, 1987289067929.5554, 149241332280.37268, 318687677526.1417, 150013011548.0224, 145008273915.40384, 142750544210.8563, 144050312696.96805, 2007569859618.034]
Lowest Val error: 1.4275054421e+11
Corresponding Train error: 8.9818792116e+10
Corresponding weights:  [ 0.00000000e+00 -1.56747847e-12 -2.34903318e-13  4.29289628e-11
 -1.89048984e-10 -1.75435160e-15  9.15616000e-16  2.42526276e-05
 -1.99156963e-06 -1.52146784e-08  9.33571788e-10]


[634304654999.5499, 82010298058.82643, 85958954793.51515, 82836835716.59105, 25778097420.38999, 116725825365.32085, 88213653800.23787, 119674259410.0319, 32005213144.460236, 88019567229.64708, 88019567229.64708, 86009741240.48871, 1096576034249.6487, 175522512511.02768, 48692483578.37251] [613170238036.6454, 144774671684.20117, 143636489837.84027, 144515073109.3659, 246228993283.84967, 137256573673.87129, 142858304534.8622, 840451071504.5627, 226040752032.23383, 143137844065.91364, 143137844065.91364, 143606239455.2485, 1178063185285.309, 155163689468.04013, 183700088513.4376]
Lowest Val error: 1.3725657367e+11
Corresponding Train error: 1.1672582537e+11
Corresponding weights:  [ 0.00000000e+00 -1.55263843e-12 -2.34530854e-13  4.15949015e-11
 -1.91195074e-10 -1.79622268e-15  8.98060734e-16  2.42299256e-05
 -1.99156964e-06 -1.52138729e-08  9.32594298e-10]


[82010298058.82643, 1852174728330.6675, 84830815000.71414, 96664088189.11607, 98517945490.31389, 93475460086.44289, 133486312653.91306, 88251480627.79636, 88028302756.53464, 85898063299.4289, 847658888131.5684, 24702460151.671307, 521554288949.3529, 88094878884.7369, 100064411267.74493] [144774671684.20117, 5350865076099.533, 144175533587.84033, 140605808664.9039, 672377607132.5242, 141488567605.40558, 907247880873.238, 142892007645.83368, 143213446874.13, 143491617735.9981, 781041418067.2341, 293348150527.39703, 450369001847.89874, 142848565545.32825, 137403099198.02487]
Lowest Val error: 1.3740309920e+11
Corresponding Train error: 1.0006441127e+11
Corresponding weights:  [ 0.00000000e+00 -1.55989717e-12 -2.34788858e-13  4.10040679e-11
 -1.89946164e-10 -1.61375138e-15  8.62199749e-16  2.42247891e-05
 -1.99598637e-06 -1.47368909e-08  9.22277830e-10]


[89348130550.765, 100498482479.34827, 88200126549.70337, 87844833532.78787, 43685467381.65431, 179899459062.30414, 86179796095.2449, 85864981019.12454, 87844608679.29123, 808806466328.0027, 85918721921.02174, 88210825711.9874, 87616649700.02704, 61203462488.743546, 96664088189.11607] [140976536488.09375, 137293294491.22379, 142837466970.96802, 143174261563.88284, 514541568349.2025, 166832501956.63443, 143370697256.471, 143448825412.4678, 143190321735.5362, 830190861975.7878, 143521553914.75528, 142855984616.48434, 143253423258.05225, 620780721692.0282, 140605808664.9039]
Lowest Val error: 1.3729329449e+11
Corresponding Train error: 1.0049848248e+11
Corresponding weights:  [ 0.00000000e+00 -1.55976128e-12 -2.34784495e-13  4.29084694e-11
 -1.89954128e-10 -1.61562430e-15  8.62092675e-16  2.42243848e-05
 -1.99597630e-06 -1.47379698e-08  9.22303588e-10]


curr_generation:  40
best weights:  [ 0.00000000e+00 -1.50308197e-12 -2.32959194e-13  4.54799171e-11
 -1.93257040e-10 -1.63876524e-15  8.23983866e-16  2.41341314e-05
 -1.99156970e-06 -1.53277154e-08  9.33573925e-10]
best fitness:  7.968888521630693e-12
-------------
[86430611992.95872, 87578707499.92917, 146736910329.92487, 683228543953.2206, 85916655619.7161, 87980510009.22308, 51770346350.65124, 942464461010.1702, 189560521163.1569, 86988417872.74323, 89278554182.90811, 57207356259.31411, 219826531364.5913, 91697076828.90622, 95192903929.31882] [141668681974.94928, 143247111745.11664, 123356592908.65857, 639179146848.1272, 143435510952.2989, 142975905815.46896, 244354051066.21906, 995104189955.1217, 152841443581.20776, 143749340337.10278, 143562422587.70453, 181255717506.8357, 1209110575681.8457, 142522197507.02002, 145544437054.7414]
Lowest Val error: 1.2335659291e+11
Corresponding Train error: 1.4673691033e+11
Corresponding weights:  [ 0.00000000e+00 -1.56391135e-12 -2.44028674e-13  3.93282451e-11
 -1.83236407e-10 -1.63784812e-15  8.96217971e-16  2.54014231e-05
 -1.99701550e-06 -1.52996086e-08  9.21303663e-10]


best fitness achieved 7.968888521630693e-12
