-96.6976322821702
0.0016666666666707902
0.00466666668826179
-7.984216948431289e-13
-7.984216948431289e-13
-9.394849295133074e-13
2.100730233286288e-12
-1.64846296765865e-13
0.01031250004123627
-8.665983288055482e-13
-8.665983288055482e-13
-9.85515443536761e-13
1.801890956769702e-12
-4.0005692717124117e-13
0.008916666752317965
-8.308284973326368e-13
-8.308284973326368e-13
-9.531699523349172e-13
1.239385701103423e-12
-1.2567492933732863e-13
0.021085479276593787
-7.927872367099833e-13
-7.927872367097058e-13
-9.016728508799904e-13
1.959728071332149e-12
1.534509119749737e-13
0.0016666666693739922
2.6030218753769446e-12
0.0012083333340775295
0.0012083333340775295
2.0710267758500356e-12
2.1343486254160077e-12
2.2729266785800487e-13
2.587718913537079e-14
0.0012916666698388093
0.0012916666698388093
2.109679255608343e-12
7.064039876457483e-13
-3.217823888802678e-13
1.6441677476665216e-12
0.0011666666731664007
0.0011666666731664007
2.7204257938149698e-12
1.566534433527091e-12
6.767643661441947e-13
4.7690861508432396e-12
0.0017530362330544225
0.0017530362244047477
2.5286774997007483e-12
2.727612458145805e-12
2.1253070475217785e-12
0.001666666668712212
0.00808333333085236
-8.029327418791276e-13
-8.008480949242285e-13
-9.64537049337804e-13
-1.6505168671409057e-13
-5.121068929174301e-13
-4.146397521149794e-13
0.0030000000577619763
-8.170701327670285e-13
-8.047238417579807e-13
-1.011336725320401e-12
1.7110168937142712e-12
-1.6453135081517388e-13
-3.8700850115765444e-13
0.004333333636744221
-8.209006936647882e-13
-8.178723283318956e-13
-9.766550388378648e-13
9.336523821927752e-13
-6.053482110464583e-13
-2.8743737601562753e-13
0.00902428985938014
-8.062483781741095e-13
-8.132056189844954e-13
-9.11655732549537e-13
1.410265926797215e-12
-3.643898677949726e-13
1.1052930359225906e-13
0.002187499998564047
1.1550567757078252e-12
0.002049785535216728
0.0017418811143688042
1.0919698246829305e-12
-3.8405668581262974e-13
1.0582250642629931e-11
-5.289138307957914e-13
7.479727535198873e-14
0.0010214653455298413
0.0009785346642623156
2.8478791916450385e-12
7.377027592442462e-13
-3.827771219399237e-14
-2.959705331270171e-13
9.350835656782523e-14
0.0012153077680727516
0.0011180256372331355
2.5638448389644765e-12
3.1566556354466067e-13
-3.5060796214436837e-13
-8.46326635529443e-14
4.660986808190609e-12
0.0017482914375297185
0.0017577810181109172
2.618186402695535e-12
2.7166673199971293e-12
1.7590184201257457e-13
2.1322815754473645e-12
0.0016666666786536563
0.0016666666876168025
-7.509050106881854e-13
-7.353867768280172e-13
-8.799595703730929e-13
-2.1549677928775088e-13
5.063717615343653e-12
-4.0825014971424276e-13
0.005333333336121751
-8.572892336948305e-13
-8.462606059906491e-13
-1.0052172507454398e-12
3.704621788234894e-14
-7.313185634625733e-13
-5.29226810578751e-13
0.004333332962223635
-8.287522643150452e-13
-8.133290367516195e-13
-9.737995957675946e-13
9.044063657679722e-13
-2.731354462346742e-13
-3.139373291875424e-13
0.010553801150933191
-8.306040815003984e-13
-8.272805495048739e-13
-9.360242432980152e-13
1.170555407109927e-12
-6.249781954278663e-13
-7.592391440547724e-14
0.0020833333335994425
3.053438568164751e-13
3.753430310747617e-12
3.820340142108524e-12
2.0423767028122373e-12
-4.876218341062354e-13
0.002083333325680825
-5.977200787073746e-13
-3.496925301287208e-13
0.0013576344084139458
0.0012256989228790168
1.7060806267441486e-12
-2.8685553752698475e-13
-5.597520796272481e-13
-6.00079778005984e-13
3.624951380280464e-14
0.0012332438711435867
0.0011000893656390258
2.4567509728598626e-12
2.785706224676776e-13
-2.6345208907965556e-13
-1.1780279668182113e-13
8.674694660962717e-13
0.0020948808109174802
0.0017935694720125333
2.784980890945556e-12
1.0607843871841395e-12
-2.2935673263322524e-13
6.686744386221421e-13
0.001666666666534288
0.0016666666404159434
-7.797916924369424e-13
-7.800493186124785e-13
-8.917212358085177e-13
-2.294881966525416e-13
3.0270061290466436e-11
-4.144908812002957e-13
0.00300000000707683
-8.444232666282533e-13
-8.392677798232962e-13
-1.0510259542194183e-12
-1.2660377612962175e-13
-2.8047252044000744e-13
-5.60083633475099e-13
0.004333333342706985
-8.533824230024083e-13
-8.347655035919909e-13
-9.971307293031673e-13
3.790169573302642e-14
-5.960545262154521e-13
-4.4205300908508626e-13
0.010553801061355594
-8.409277788389663e-13
-8.378199768307259e-13
-9.344122638726068e-13
1.092987775370077e-12
-3.9075355344252054e-13
-1.1936935039579484e-13
0.0016666666665135113
1.3154830774301788e-13
2.5371320296744397e-12
2.5507866577035427e-12
4.816006390298603e-12
-5.091260527346328e-13
0.0016666666561131627
-6.131903054946941e-13
-3.6542155748296876e-13
0.0010343502951678798
0.0009656497032491407
2.3823062944645086e-12
-3.3458666018876213e-13
-4.173925534894154e-13
-6.014301860163835e-13
-3.852739778312963e-13
0.0012469032532720743
0.0010864300791684795
2.5770642499528087e-12
-2.1282560889486121e-13
-4.991246131417156e-13
-4.1415605159796316e-13
6.332930511592411e-13
0.0020920614428481163
0.0017963888178937197
2.8780232340585984e-12
9.033300693055248e-13
-1.694197466870385e-13
5.369013869063715e-13
0.0016666666670328214
8.121477526980087e-11
-8.020649570108379e-13
0.006637681064631182
-8.908777162792159e-13
5.209617928680543e-12
1.194270338240414e-13
0.011032835138015264
-8.494214209524213e-13
-7.837138663064646e-13
-9.597136535389202e-13
2.4487880926992104e-12
-3.391456403501335e-13
0.010887681150434295
-7.760562111694677e-13
-3.6397719603307425e-13
-8.934457796940946e-13
3.592667749549957e-12
6.235567277780833e-14
0.021019206082412
-8.128076471802447e-13
-8.288665756252794e-13
-9.152353548973622e-13
1.4162799245404057e-12
9.680998725032329e-14
0.0026145833307783225
-5.546690185852887e-13
-3.5751718846115557e-13
0.0038573369544385883
-5.584870245560933e-13
-1.8864909268110073e-13
-5.375780574806901e-13
-3.095512625431917e-13
2.8586862677371548e-12
0.002583333328690371
6.290467743058906e-13
2.7501464454598e-13
-4.601238761277619e-13
-7.886180875488193e-14
9.341751080398284e-13
0.00282608695372663
1.7495427878011152e-13
4.837209094798556e-13
-2.6509947539629995e-14
4.7093232471616875e-12
0.0017541537879073564
0.0017519186683026856
2.5972332343599708e-12
2.9809714066008306e-12
2.159891395776427e-12
0.001666666669270392
0.008083333333858465
-8.118005681483259e-13
-7.862159760386014e-13
-9.50884268670085e-13
-1.2715177607313405e-13
-3.596322815834544e-13
-3.886687261528916e-13
0.0030000000317715503
-8.17245707268465e-13
-2.476981300692835e-13
-9.950806835258433e-13
3.0702923809188432e-12
3.2788714331825616e-15
-2.6992623881230855e-13
0.0043333333642994595
-8.080264597768608e-13
-7.988325717865197e-13
-9.557327642451312e-13
1.1337040445324715e-12
-5.655129758666444e-13
-2.4059309273424953e-13
0.0063043478177309
-7.842466338833009e-13
-7.61486869153179e-13
-8.886859102179464e-13
1.800794607024227e-12
-2.843075122100777e-13
1.8565933756045515e-13
0.002187499999064964
3.199637383984202e-13
3.4669613289573827e-12
3.5274552080307735e-12
3.4718030522235185e-13
-4.9129571006789e-13
0.0037916666562220684
-6.148881464216513e-13
-5.824909696975439e-13
1.7533176466075114e-13
0.002000000008719797
-2.0358693758381761e-13
-1.7236504191039262e-13
-4.5409593589578325e-13
-6.005821262412095e-13
-1.4349963779007325e-13
7.742381157239944e-12
0.002333333331187906
1.4147704194445806e-12
1.712123277471499e-13
-3.2994423672634124e-13
-2.002114535855584e-13
1.6399372532297614e-12
4.651231253239655e-12
0.0028260869472790055
1.1314031655500183e-12
1.958688506196573e-12
4.44373945204922e-14
1.2580765644129386e-12
0.0016666666786599074
0.001666666683274633
-7.422001632383812e-13
-7.27211184298956e-13
-8.693223300206609e-13
-2.1155015453288766e-13
6.180426054806862e-12
-4.0443621751095607e-13
0.005333333336191852
-8.446745930285289e-13
-8.454859672584167e-13
-1.0046221874073566e-12
2.2682468308571048e-14
-6.690255471504813e-13
-5.315567102789516e-13
0.0043333333375935625
-8.266985224371757e-13
-7.343633168872556e-13
-9.493927712190562e-13
1.2188264626620389e-12
-1.807882414254301e-13
-2.382163384748546e-13
0.010849832007646613
-8.092402082814531e-13
-8.233233364487279e-13
-9.309596610514184e-13
1.2469441557528502e-12
-5.910952089880677e-13
-5.900087132772802e-14
0.0020833333337523735
1.858376921448426e-13
2.8564026257619134e-12
2.88034653833991e-12
1.7343774510174514e-12
-5.157260545323283e-13
0.002083333327332257
-6.218485686988214e-13
-3.4637005496400794e-13
0.0013630437324089
0.0012202895987711833
1.7010648468588773e-12
-2.882850100992173e-13
-3.960916958516769e-13
-6.003276068178799e-13
-4.141868539238131e-13
1.5682706519095231e-12
0.002333333332550149
3.649598873106875e-13
-1.0150187358533432e-13
-4.2756795344253607e-13
-3.6779447719476623e-13
8.66576134737105e-13
0.0021687057426167987
0.0017937522544638252
2.77044197328391e-12
1.0682882539688113e-12
-1.0359594396320378e-13
6.759332707746353e-13
0.0016666666665331397
0.0016666666401109476
-7.599189306487839e-13
-7.658417734704341e-13
-8.736226222282447e-13
-2.3210548658527474e-13
3.0292684574432666e-11
-4.137050608915892e-13
0.0030000000066552645
-8.331780206985481e-13
-8.405382576042372e-13
-1.0497569832566265e-12
-1.3811161751521004e-13
-2.7906409920098e-13
-5.627857938565033e-13
0.0043333333423192085
-8.341691485320534e-13
-8.378124745255837e-13
-9.919570004338476e-13
6.8668395124918e-14
-5.503497921566557e-13
-4.324317862436967e-13
0.010476512213689379
-8.225070400236443e-13
-8.442301516635622e-13
-9.289454981177261e-13
1.1540496984278257e-12
-3.261329479450219e-13
-1.0618762447182753e-13
0.0016666666665128473
1.0596937089372314e-13
2.3392497894194735e-12
2.3224961597192923e-12
4.588638746199509e-12
-5.156573894463529e-13
0.0016666666567249234
-6.173483180971553e-13
-3.6221801558416857e-13
0.0010364403298842608
0.0009635596683698787
2.420009451105073e-12
-3.353176632655196e-13
-4.070423485364526e-13
-6.038417414710691e-13
-3.814857039604197e-13
0.0012335938120361196
0.0010997395202119401
2.5981443586864996e-12
-2.032490096125064e-13
-4.154224112932114e-13
-3.9707086036339544e-13
6.449288888709586e-13
0.002086756402407039
0.0017823716462690518
2.895363135193429e-12
9.183978402235747e-13
-1.1950702021963496e-14
5.492834401796667e-13
0.0016666666671224044
8.454047389260325e-11
-8.293526456872879e-13
0.006679347720493025
-8.927202888013344e-13
5.168461979176417e-12
1.1193784173330011e-13
0.011163043446513624
-8.739084159344527e-13
-4.4016093585430625e-13
-9.470991869254562e-13
3.6013864135452495e-12
-2.769278293390799e-13
0.010924139478221899
-8.974398546460083e-13
-6.818255019025524e-13
-9.180735495023844e-13
2.2592685681221563e-12
-4.8034100350569665e-14
0.018782883949653786
-8.521099822748272e-13
-7.768242675375574e-13
-9.127108877126651e-13
1.617775331893803e-12
1.1670578811962977e-13
0.00261458333082333
-5.568658251758735e-13
-3.880088412788878e-13
0.0038677536192916915
-5.626874724638744e-13
-1.909284206665698e-13
-5.395126133825245e-13
-5.066721190554516e-13
5.55499419044549e-13
0.0026145833264865177
4.8682380787854614e-17
-5.15721160807864e-15
-5.408841995664696e-13
-2.3455009507124917e-13
4.2139725455867084e-13
0.0028260869554550855
-2.103331366641585e-14
2.7359273815965555e-13
-1.4162302292829072e-13
4.2286271965545265e-12
4.737550391742621e-11
0.0031094202126340834
2.4273446402464928e-12
3.1305104927817983e-12
2.0518984835724904e-12
0.0016666666692891545
0.008083333333911587
-8.441092400274505e-13
-7.941698893418685e-13
-9.50764868247151e-13
-1.2852737197956277e-13
-3.5725233423919587e-13
-3.897630284039567e-13
0.003166666650504649
-8.395594548082919e-13
-2.5068139226553285e-13
-9.796556694864624e-13
3.276426939721326e-12
7.655283449049124e-14
-2.581921543906786e-13
0.005333333120534068
-8.485488725866216e-13
-7.693377171413169e-13
-9.31579913195278e-13
1.2337399975767168e-12
-5.023448713390596e-13
-2.2717667018735242e-13
0.006304347818991638
-8.219812977720377e-13
-7.255209289333278e-13
-8.884452337136254e-13
1.7904901612059012e-12
-2.1789779070363105e-13
1.7075209089662594e-13
0.002187499999111227
3.1869938642993216e-13
3.428372103182762e-12
3.4837340069686897e-12
3.4498608005626103e-13
-4.910754869123952e-13
0.003791666656367433
-6.150300729895895e-13
-5.763182607159878e-13
1.5548563571372322e-13
0.002041666663336381
-1.6296519843166818e-13
-1.398756980121025e-13
-3.87528427443849e-13
-5.85148853430564e-13
-2.861184196236504e-13
2.8228335331395792e-12
0.0025833332761686146
7.695945748460182e-13
2.8737315986512236e-14
-3.449329060349848e-13
-2.8444149709301516e-13
1.6283832895083728e-12
4.479793802030704e-12
0.0028260869477193945
1.1312305161542235e-12
1.9503062799047548e-12
1.265452185683414e-13
1.2505004537339246e-12
0.0016666666786977224
0.0016666666835042252
-7.66732870974589e-13
-7.482449419676744e-13
-8.673482892527841e-13
-2.116671542758698e-13
6.1864675359101106e-12
-4.047021108694696e-13
0.005333333336272343
-8.697006209584838e-13
-8.473737082531153e-13
-1.002704557899143e-12
7.483255874167203e-14
-6.549308254658927e-13
-5.186520362485518e-13
0.0030000003373193782
-8.180289982268295e-13
-7.037709274677846e-13
-9.911371131031927e-13
1.2145598117169008e-12
-9.743001333421434e-14
-2.3515911952036837e-13
0.009024289799746548
-8.461000596571955e-13
-8.225897108156344e-13
-9.32191356826929e-13
1.255486558643246e-12
-5.612983431793339e-13
-6.556333642280566e-14
0.0020833333338167487
1.8915710920666627e-13
2.8303814564511827e-12
2.8550113247095905e-12
1.7422342463604533e-12
-5.140582723334347e-13
0.0020833333274921564
-6.208036510215321e-13
-3.3711829634553656e-13
0.00129462486491802
0.001288708466228974
1.7288259819909653e-12
-2.6222355967790896e-13
-3.7866940318899497e-13
-5.853532356726422e-13
-3.851210085817344e-13
1.5810315371223e-12
0.0020000000823167303
3.9096800288707204e-13
-8.837508307701133e-14
-3.6510546607418144e-13
-3.5343403852293277e-13
9.020839506513079e-13
0.0017460613326460816
0.0017600111122433805
2.8336697483351716e-12
1.0897158429683415e-12
-3.1317808439362136e-14
6.92240992205471e-13
0.0016666666665363357
0.0016666666401527796
-7.824047820380591e-13
-7.787467846555238e-13
-8.68985741942383e-13
-2.3017259357007827e-13
3.037725732929841e-11
-4.1285901558402604e-13
0.0030000000066642677
-8.567934589244759e-13
-8.521615948405839e-13
-1.0474892267787226e-12
-1.0094337246221973e-13
-2.638988151478681e-13
-5.516560496840151e-13
0.004333333342973917
-8.643764700135893e-13
-8.601207010017527e-13
-9.93082105016392e-13
6.56934279986615e-14
-5.60214369782325e-13
-4.362971681783056e-13
0.009024289693204523
-8.548540710269924e-13
-8.456323038827059e-13
-9.297070791399937e-13
1.1595879354518298e-12
-3.4197408260249416e-13
-1.1207326945850314e-13
0.0016666666665149433
1.0535363410642715e-13
2.2827292535699704e-12
2.2822998343954284e-12
4.502445801357301e-12
-5.141686737792391e-13
0.001666666656938935
-6.163531305228577e-13
-3.5372924839846097e-13
0.0009993755755373335
0.001000624422649408
2.4514638331883662e-12
-3.113980820216194e-13
-3.911870234818546e-13
-5.897861475635749e-13
-3.706891336423526e-13
0.0011649080742986639
0.0011684252580120233
2.649352627197833e-12
-1.969530256573911e-13
-4.025421192186081e-13
-3.918115657475374e-13
6.687375797841229e-13
0.0017480182947450897
0.001758054123693873
2.9383704955394463e-12
9.331958553476953e-13
-7.667810859600556e-15
5.596106145785161e-13
0.0016666666665628926
7.99767166951134e-12
0.6451911412364516
0.01686730980110651
4.402742069891911e-12
0.6451911412364516
0.017002004082439497
5.5025692083227764e-11
0.6451911412364516
0.01679996243887029
0.0034492327397032843
0.6451911412364516
7.917452986484637e-11
0.0016666666665628926
-3.1403278238842935e-13
0.6451911412364516
0.008778523478235902
-5.733483773989641e-13
0.6451911412364516
0.008879940340488272
-9.337787579919394e-14
0.6451911412364516
0.008727814986677265
3.906814109089732e-13
0.6451911412364516
0.004194273173836711
0.0016666666665628926
1.4866536733134424e-12
0.6451911412364516
0.042720653902889455
3.796036647863069e-12
0.6451911412364516
0.024661427185783534
1.0123271693764898e-11
0.6451911412364516
0.027201030094053977
0.003450723226436822
0.6451911412364516
8.314216011291126e-11
0.0016666666665628926
-7.295373840150144e-13
0.6451911412364516
0.019819332951341508
-6.324892890840862e-13
0.6451911412364516
0.012499976556502678
-4.498693755546712e-13
0.6451911412364516
0.013303665653970802
3.832219863383929e-13
0.6451911412364516
0.004197780199556126
0.0016666666665628926
1.5521286509633082e-12
0.6451911412364516
0.032407911042953604
1.9327565703293384e-12
0.6451911412364516
0.03755108511382919
9.4238479814294e-12
0.6451911412364516
0.03557711560149947
0.005591130300930712
0.6451911412364516
3.569715822767965e-10
0.0016666666665628926
-7.531583546274081e-13
0.6451911412364516
0.014582015559179222
-7.902605705887341e-13
0.6451911412364516
0.01801261390719984
-4.926741924687115e-13
0.6451911412364516
0.017550324635549935
-1.8351363204968772e-14
0.6451911412364516
0.006353397498171664
0.0016666666665628926
1.789080121043629e-12
0.6451911412364516
0.022411529360497385
1.772337287345685e-12
0.6451911412364516
0.0338645402601804
4.852525704156282e-12
0.6451911412364516
0.058540197843011704
0.005592015889123378
0.6451911412364516
6.331672993241513e-10
0.0016666666665628926
-7.048556789227317e-13
0.6451911412364516
0.010425423309687288
-8.308202768089556e-13
0.6451911412364516
0.01609568601113194
-6.642173070232225e-13
0.6451911412364516
0.02899642967990351
-7.111088300678483e-14
0.6451911412364516
0.0063554814440862795
0.0016666666665628926
-8.676255490929121e-13
0.006180289791012571
2.1652006087291773e-12
1.1478198530365679e-12
5.596386352716301e-12
0.005208333314874005
1.2366886586894252e-13
0.0016666666630892064
1.2259378279626724e-11
0.003448881676823263
1.0087955104181582e-12
7.065509514636816e-11
0.0016666666665628926
-9.935297694080934e-13
0.004434440654253491
6.082907089734413e-13
-7.217712352894491e-13
0.0036499999934697966
3.435048331421533e-12
-6.951253077914342e-13
0.0028677536236377866
1.842594867554272e-12
4.1002308532688745e-13
6.844201429791962e-12
0.004193447139608354
0.0016666666665628926
1.8692208130321648e-12
1.8460504286045883e-13
0.04000003786801761
-5.564954048529226e-13
0.0030277994759273265
5.898949903195079e-12
3.491571578352036e-12
2.2118137423606274e-12
0.009532099174335945
4.431117994248835e-12
1.1598132730399114e-11
0.007542841348131765
0.0016666666665628926
-6.948741816156385e-13
1.7908047386224991e-12
0.017737431623083232
-9.503185140714296e-13
0.0033777994835940167
1.0946822580215269e-12
-5.612193796103918e-13
0.005162395259834035
8.810006208189461e-12
-2.2619275912105224e-13
0.004897079224772662
4.455496753776107e-12
0.0016666666665628926
1.6831503457689741e-12
-2.5791879321269286e-13
0.03247429944685439
1.9092640167626683e-12
2.932434049783533e-13
0.03381552443892278
8.951816473405739e-13
8.768600321741359e-11
0.011086531634980041
0.006003279138544287
-6.015398528849206e-14
3.590402131927088e-10
0.0016666666665628926
-7.546954130050503e-13
4.058630590555271e-13
0.0146085958776894
-7.924514046619987e-13
4.936801546031659e-12
0.016238230054544747
-7.55959722953136e-13
0.006074067254278228
2.3089199476356922e-12
-1.1595220595537084e-14
1.0120239456269288e-12
0.006765624017022857
0.0016666666665628926
1.6382248529579509e-12
-2.7836149364159803e-13
0.022439981536174176
1.7951081518229917e-12
-3.1882424803661455e-13
0.029289126561802027
4.6606167777365895e-12
-3.1743765229449907e-13
0.043223090327124805
0.005480022297300464
-2.903559818088442e-13
6.341506583402864e-10
0.0016666666665628926
-7.15029225814761e-13
3.5940750756846653e-13
0.010436814875491151
-8.321036020095799e-13
6.22542353662039e-13
0.014111184877267494
-6.5111850329539e-13
6.058647504918527e-13
0.021496703496278226
-4.0900943822570947e-14
3.9212017901881697e-13
0.006237530552924162
0.0016666666665628926
-8.754800179057855e-13
0.006208623117001303
2.129416755778815e-12
-9.302664455180637e-14
0.0016666666611987043
1.7582579457295174e-11
-1.5700817069367944e-13
0.0016666666641330392
8.378554893425857e-12
0.0016666665337606679
2.0659793932013308e-12
4.5019693013252165e-10
0.0016666666665628926
-9.983763331966667e-13
0.004445951068324216
5.785140927177068e-13
-8.393334204981625e-13
0.0027778645834458495
1.1387009907440092e-12
-7.48213957906997e-13
0.002867753623979916
1.3168409654020996e-12
3.2922345025509294e-13
0.002988170314457965
3.23188936064549e-11
0.0016666666665628926
1.8580041280965097e-12
2.1211066155286835e-13
0.01491424308878892
-5.214806897841953e-13
0.001666666665468264
5.9057283055323406e-12
1.6419117417843499e-12
3.855973709741667e-12
0.005208333318748608
5.208562834259184e-12
1.4990974033362473e-11
0.005208333274290443
0.0016666666665628926
-6.32948308542281e-13
1.7969828309647193e-12
0.007307979116286218
-9.335442817934406e-13
0.0025343749998146133
1.0380873038862223e-12
-6.588405550094657e-13
0.0036499999717665727
3.4061939425411294e-12
-2.408505615496909e-13
0.003753170273647267
4.361873371025742e-12
0.0016666666665628926
1.640870957174788e-12
-2.210219983928633e-13
0.014914243096510633
1.949366746240975e-12
3.38036888174759e-13
0.016997222636774806
9.26132716383868e-13
1.0689772753405447e-10
0.005208332997474501
0.0034514237166990984
-6.112586604054443e-15
3.2042658230264166e-10
0.0016666666665628926
-7.033853381619208e-13
4.715229433486655e-13
0.007307979120525133
-7.577775093266961e-13
5.397704198517197e-12
0.008876340188239785
-7.78027571576705e-13
0.0034020833106424347
2.116450293982115e-12
1.795189706760243e-14
1.1341199835402664e-12
0.0041994285956203714
0.0016666666665628926
1.611326133285867e-12
-2.361426910543182e-13
0.014914243095517267
1.7126724330064524e-12
-2.7810339338081823e-13
0.016531583461076263
5.3771608665521896e-12
-2.480909610744189e-13
0.016802805149512674
0.0034508088977469654
-2.473361854091037e-13
6.807183305963974e-10
0.0016666666665628926
-6.896545489421158e-13
4.2359842483891595e-13
0.007307979119799847
-8.004751528001021e-13
6.908309120108702e-13
0.00852574127752485
-6.162232070646375e-13
7.386538533241077e-13
0.008729955263354199
-2.3018916857786146e-14
4.789658874087096e-13
0.00419798223354095
0.0016666666665628926
7.99767166951134e-12
0.01686730980110651
4.402742069891911e-12
0.017002004082439497
5.5025692083227764e-11
0.01679996243887029
0.003449232742420411
7.91745298648785e-11
0.0016666666665628926
-3.1403278238842935e-13
0.008778523478235902
-5.733483773989641e-13
0.008879940340488272
-9.337787579919394e-14
0.008727814986677265
3.9068141078534735e-13
0.004194273180229952
0.0016666666665628926
1.5207078010933458e-12
0.01822737519440249
4.394363442136439e-12
0.016565269279967303
9.134637515138656e-12
0.016878582790312378
0.0034477422577392923
7.887677611930664e-11
0.0016666666665628926
-7.00565685363903e-13
0.009802572700348795
-6.06152123882069e-13
0.008551104724444522
-4.325221668974592e-13
0.00878701137866341
3.784158325519495e-13
0.004190766157326645
0.0016666666665628926
1.573131549208622e-12
0.01491424309905822
1.9227492799908375e-12
0.017108629802923134
8.147221052741103e-12
0.016907573476547262
0.0035566164829855
3.132841402960906e-10
0.0016666666665628926
-7.13951749776577e-13
0.007307979122792202
-7.602253340916695e-13
0.008960223230122048
-4.563425699534515e-13
0.008808839657764281
2.316039380818716e-14
0.004446940981486616
0.0016666666665628926
1.483898938192935e-12
0.01491424309704597
1.6984471646930251e-12
0.01658609563900805
5.3933117752549614e-12
0.01692965157526352
0.003555730771491535
6.333020737463951e-10
0.0016666666665628926
-6.908002620362193e-13
0.007307979121191489
-8.09984171678777e-13
0.008566785741492342
-6.203825813433268e-13
0.008825463160961899
-2.4895403492276854e-14
0.0044448571954213735
0.0016666666665628926
0.0028985507144962683
-3.245255306073327e-14
4.167782433103026e-11
6.380999910573055e-12
-5.184034746077316e-14
0.014914243067861772
0.0028985507115271685
1.9686489830998624e-14
5.984479089695247e-11
0.0034495837991882204
-3.848156370432871e-14
8.251133470562633e-11
0.0016666666665628926
5.694730879578844e-13
1.0761945193336273e-12
0.0028985507335700755
-4.622920776798429e-13
1.2915548693807037e-12
0.0073079791105610985
3.570108612986862e-13
1.2449501877973565e-12
0.002898550740127964
3.7056542925043435e-13
9.125395640363666e-13
0.004195099198647934
0.0016666666665628926
1.868574328637029e-12
-2.7841090805854658e-14
0.014914243093280937
2.6967883107644827e-11
-5.073346892860286e-14
0.014914242957147357
1.3423661342425778e-11
-4.076413910845896e-14
0.014914243039176874
0.0028985507147879287
-2.847591822659725e-14
4.89526996528259e-11
0.0016666666665628926
-6.276143954538704e-13
1.0209198669690113e-12
0.0073079791191637865
-3.2777800941577177e-13
1.2966300468252117e-12
0.007307979075604428
-3.4558850944162347e-13
1.2831249816924866e-12
0.007307979105503661
6.105631549032249e-13
9.956895869108044e-13
0.0028985507395665857
0.0016666666665628926
1.5939740924711623e-12
-3.7873840154345537e-14
0.014914243094175697
1.8697239233366715e-12
-8.491136096127249e-14
0.01711737305702864
3.992153646695854e-11
-6.33913572637775e-14
0.014914242892630599
0.0035798071402227028
-5.264103989873568e-14
3.133804401795347e-10
0.0016666666665628926
-7.052959807861796e-13
1.0373029340101255e-12
0.007307979119088273
-7.644932005202352e-13
1.535827512775297e-12
0.008966806385864194
-2.700591138220097e-13
1.2884173901817932e-12
0.00730797905748046
1.7170596484484934e-14
1.07006968957165e-12
0.004501507233760135
0.0016666666665628926
1.4862779709318095e-12
-4.233613755706069e-14
0.014914243093513323
1.6367680972741586e-12
-9.530493149563281e-14
0.016589473822441227
5.3440315513301956e-12
-9.466070898711428e-14
0.016908139106828035
0.003554064294088176
-5.628561908405921e-14
6.440075909524214e-10
0.0016666666665628926
-7.000245321691877e-13
1.0439227399861346e-12
0.0073079791184303845
-8.138082197795434e-13
1.6181885270785083e-12
0.008569329314572887
-6.238029942444889e-13
1.6095535384325807e-12
0.008809265537363012
-3.1105947654154074e-14
1.1061254480251756e-12
0.004440936080059552
0.0016666666665628926
0.0028985507162263913
2.749278921731304e-12
4.2596680938620527e-11
1.176493938301081e-11
2.545111691868522e-12
0.014914243048637057
0.002898550715496251
2.7043758089600336e-12
4.941415753517431e-11
0.0028985507241204704
2.852438448381333e-12
7.93180686499539e-11
0.0016666666665628926
5.914610907314789e-13
4.734766863686287e-12
0.0028985507329409577
-3.4453086499050647e-13
6.548850832013986e-12
0.007307979100940607
5.047137929061936e-13
5.039699549265542e-12
0.002898550735641304
4.596002080511547e-13
4.154133184923823e-12
0.00289855077989641
0.0016666666665628926
1.94629151159683e-12
2.7658111567632175e-12
0.01491424310225867
2.8130502803337748e-11
2.5449157576411193e-12
0.014914242963821189
2.495588596752444e-11
2.548585389227569e-12
0.014914242984254077
0.002898550716222834
2.82147082086652e-12
5.024000482554184e-11
0.0016666666665628926
-6.175987379564246e-13
4.626116176570623e-12
0.007307979120909587
-3.119963633349595e-13
6.571634231751553e-12
0.007307979075502338
-2.849719095053062e-13
6.401047651483239e-12
0.0073079790836216565
6.265040555003137e-13
4.2823332721546965e-12
0.002898550739191177
0.0016666666665628926
1.7138774857554455e-12
2.7374008306479186e-12
0.014914243103163164
1.9824626579619926e-12
2.3553473083101982e-12
0.017006785529681347
3.97426004972962e-11
2.528561797321473e-12
0.01491424290632505
0.0034470416682797714
2.704839382217361e-12
3.2144920030346477e-10
0.0016666666665628926
-6.96897741660108e-13
4.8173829380949564e-12
0.0073079791207057015
-7.517808907087402e-13
9.774767971493661e-12
0.008883540471313425
-2.881059101289203e-13
6.652067511723451e-12
0.0073079790594313115
2.8231153137672905e-14
4.983316527128276e-12
0.004189117888501045
0.0016666666665628926
1.6657830489795478e-12
2.727049820599862e-12
0.0149142431021628
1.765489434960028e-12
2.3073107681077932e-12
0.01652956492457895
5.373920153406786e-12
2.3200107374120954e-12
0.016797120230361867
0.003447656339807977
2.672413576918473e-12
6.811436573687463e-10
0.0016666666665628926
-6.901660072363029e-13
4.8609782644029665e-12
0.007307979119888576
-8.020479156928011e-13
1.12228097208985e-11
0.008524221425179127
-6.194950854703409e-13
1.082473951542421e-11
0.008725674840820062
-2.1475783905661143e-14
5.196943588234255e-12
0.004190564444992401
0.16231276947361162
-1.0800567909048195e-12
0.23191784379766722
-2.856869273308524e-13
-1.1141672529099438e-12
0.5490906360196991
-5.856321163486776e-13
-1.0637373316219776e-12
0.4297532443137593
-3.518657148612981e-13
-1.043272404732977e-12
0.6070949161425128
-1.8542496066717915e-13
0.08848023419518179
-9.080125135408141e-13
0.123575093567804
-1.6081035342136477e-14
-9.45649263755367e-13
0.22627721063243023
-4.2297622219216936e-13
-6.402015696493171e-13
0.12450448184673653
6.858173068048796e-13
-4.646410662753014e-13
0.17352999914435704
3.186535266120021e-12
0.03124769859123434
-1.1006843645682896e-12
1.448132280232451e-13
0.04956214727245466
-3.7621366410982405e-13
-1.1552863582962434e-12
0.04963792038901175
1.6170919434087899e-12
-5.824680763586342e-13
-1.1306532423659446e-12
0.033554688613704656
2.9961853751838503e-12
-5.695229952898612e-13
-1.0273082970053839e-12
0.02873070946947268
4.623775358200151e-13
-1.9468014088314277e-13
0.01936700094202696
-1.1366923500703376e-12
-7.062908279674172e-13
0.02592624757057159
-8.593878407289851e-13
-9.761601622533572e-13
0.02895606777013377
1.6323873042113282e-09
-4.383067273525075e-13
-7.952649312715288e-13
0.0184271212354531
2.6607295022162182e-12
3.5461321536157925e-14
-5.514384133334651e-13
0.015279147558060723
1.0982497174518856e-12
2.8421360022400616e-12
0.00800921712405299
-1.1764401207535533e-12
-2.356247402825967e-14
0.030054117586539413
-4.0693569588937227e-13
-1.1587009297062978e-12
2.0686962292311234e-13
0.033500455471405094
-6.976293818315624e-13
-1.1347009659950028e-12
0.041029282298747125
3.0025457622269318e-12
-5.856185137549111e-13
-1.063384591181765e-12
0.03338184074350402
1.2072880520636412e-12
-4.1873920214461794e-13
0.005254704540100026
-1.1408531586140625e-12
-7.368557232002441e-13
0.016465487816184596
-8.72876636147522e-13
-1.0660600727976163e-12
6.534968686373333e-14
0.017042482320530523
-7.476353629469621e-13
-8.011432743938791e-13
0.02259246182859756
2.632398514158321e-12
1.1187343048740889e-15
-5.374123032887004e-13
0.017491021659893857
1.1438806564145218e-12
1.615457311200427e-12
0.001666666666540016
-1.1561393045542256e-12
-6.027461339681857e-14
0.008809097857470364
-4.178900015802097e-13
-1.1933309696412405e-12
-8.23951053724654e-14
0.017311522880551614
-7.259752529936749e-13
-1.1629794252681612e-12
4.833421337140318e-13
0.017026357236007428
-6.991654446797821e-13
-1.0650547554064782e-12
0.03338184073501985
1.2238646828662954e-12
-4.54529882039024e-13
0.0016666666664772365
-1.1119903030774453e-12
-7.257432010600163e-13
0.0044497783537361625
-8.58969970439e-13
-1.0879631035474048e-12
-7.330533279398288e-14
0.00886424692387186
-7.637407344411687e-13
-8.098310062079733e-13
3.746307411587202e-12
0.007809070779539528
-2.236780714836779e-13
-5.302957388077667e-13
0.017491021668329332
1.1447365066664554e-12
1.5129638367058572e-12
0.13686570518608082
-1.0443759248141935e-12
0.17869827866930357
-2.848173731683298e-13
-1.0944322196061421e-12
0.46316408491131233
-5.800817210129282e-13
-1.0406542643562885e-12
0.36057340960083556
-3.5120857885260124e-13
-1.0324665052291724e-12
0.5236147206800726
-1.9200662475935582e-13
0.07477256022991799
-6.846996677554357e-13
0.09646261177204464
-2.271478162968172e-14
-8.888763394371696e-13
0.1923237569634365
-4.204566090980305e-13
-5.108743186755679e-13
0.10342042130754649
6.608776546898979e-13
-1.8289640011031852e-13
0.1512465226198004
3.133139286898724e-12
0.026970643993874437
-1.0877804777585136e-12
1.4590638730423415e-13
0.04514036159238475
-3.741047967306018e-13
-1.1239542710290416e-12
0.03483954361761908
1.6079665502096938e-12
-5.780512237280399e-13
-1.1085386448192871e-12
0.02393053571737658
3.0075941805280683e-12
-5.651792563972253e-13
-1.014811199268531e-12
0.02272362022526254
4.700840915097579e-13
-1.9225003373697676e-13
0.0167976750724234
-1.110764614821418e-12
-7.050545755180002e-13
0.023172215688559934
-8.592756409257292e-13
-8.621250622064174e-13
0.02089379665215716
1.6229443498410987e-09
-4.369097309644198e-13
-7.145572863701048e-13
0.013031179590001215
2.656440291575139e-12
3.785049055967939e-14
-4.3656067322277736e-13
0.012176508426638652
1.0897935821050547e-12
2.8039857545262213e-12
0.00801229053595347
-1.169979786661346e-12
-2.0496071308449803e-14
0.027402292150516754
-4.053014294524511e-13
-1.1576356876973987e-12
2.1332664532670358e-13
0.031274777291211725
-6.950650432440087e-13
-1.1012083378082124e-12
0.02769801943703704
2.986151197137922e-12
-5.811590813537604e-13
-1.0593102238171408e-12
0.034282048751503286
1.1708901661749475e-12
-4.1474529957822476e-13
0.005256241462594755
-1.1312824308896005e-12
-7.361324447744543e-13
0.014923632019596253
-8.724630393431046e-13
-1.0668346155876393e-12
6.902236047595052e-14
0.015953380831042065
-7.446713440575491e-13
-6.782618942876255e-13
0.015166399291457671
2.6062320485418796e-12
-2.5034762246143986e-15
-5.082998901674609e-13
0.017919121116445905
1.117045087240002e-12
1.5949381612772015e-12
0.0016666666665406098
-1.1645732876850106e-12
-6.192303849591062e-14
0.008813366485108125
-4.16834038092373e-13
-1.1936570719261247e-12
-7.616617792074429e-14
0.016576627052229523
-7.231168195478644e-13
-1.1593731355798417e-12
4.899552952976737e-13
0.014622028552001884
-7.070143327891837e-13
-1.0633276773341649e-12
0.03314681105299858
1.2222343893871803e-12
-4.4920149257701366e-13
0.0016666666664776084
-1.114636241065462e-12
-7.268204579089838e-13
0.004451486286001192
-8.581145799713675e-13
-1.0886025512465588e-12
-6.943723992917391e-14
0.00855786087285564
-7.614830097605718e-13
-7.984263443399612e-13
3.734601149054807e-12
0.006785217894360928
-2.2294372728037565e-13
-5.039793732235976e-13
0.0173792518570505
1.1242480940917935e-12
1.4929553602091898e-12
0.11986681533562031
-1.0351783225618012e-12
0.16139627473020007
-2.8448683823997145e-13
-1.0964981942758086e-12
0.41437895041466577
-5.801421796534664e-13
-1.0172996970429458e-12
0.3260744199644125
-3.514195171675052e-13
-1.0209044932441734e-12
0.46882543973694607
-1.9265181650754765e-13
0.06569512914282194
-6.764556510701327e-13
0.08736054694239893
-2.2295410116848305e-14
-8.46720496826425e-13
0.1727472598881045
-4.2142483300209167e-13
-4.586252941582954e-13
0.0942328435124715
6.587035288122316e-13
-7.282026537404526e-14
0.135038113632717
3.1424628082804785e-12
0.02270439671518147
-1.087334427616659e-12
1.4632749262007e-13
0.03621682311913429
-3.7411615773723573e-13
-1.1198813677439352e-12
0.0333801391477211
1.6032928232939759e-12
-5.77984644507036e-13
-1.0975969586234176e-12
0.024711502092057205
2.97399863896962e-12
-5.658024052900319e-13
-1.013563061894608e-12
0.02194545087119025
4.638239943924468e-13
-1.9238229643625162e-13
0.014453723922287838
-1.1100709262526516e-12
-7.04517998679764e-13
0.018816988057487022
-8.587308411681658e-13
-8.460741814128499e-13
0.019969901566027903
1.6190167965505767e-09
-4.373746973919458e-13
-6.912676051236736e-13
0.013387832235862816
2.626702457895939e-12
3.140674218710713e-14
-4.354249998221586e-13
0.01185227119577219
1.0814913410319625e-12
2.7908998549115263e-12
0.007193109604729067
-1.1694919712135147e-12
-2.0498091048294223e-14
0.021801260812311138
-4.0537935506600497e-13
-1.1588821778402218e-12
2.1368579212022442e-13
0.02459712968581868
-6.956023059533325e-13
-1.1325403414606e-12
0.02185398391651892
2.9847020864638937e-12
-5.807790664810064e-13
-1.0658746139445696e-12
0.028730709488255814
1.1980404151671218e-12
-4.144869235353992e-13
0.004844250554244141
-1.129682816725671e-12
-7.348765144416997e-13
0.012290299082156196
-8.711216456683367e-13
-1.0614545694782846e-12
6.787975517601122e-14
0.012749636548688317
-7.438177576537822e-13
-6.861931479692935e-13
0.012543074956727206
2.598053340614565e-12
-3.7302015639334706e-15
-5.18090488751942e-13
0.015279147574253974
1.1218367564101178e-12
1.5886217912298478e-12
0.0016666666665408785
-1.1641492899472718e-12
-6.101982815516933e-14
0.0076756151917442075
-4.1697230728997223e-13
-1.1946617527154638e-12
-7.502834506178659e-14
0.013909665199433149
-7.235119340414052e-13
-1.160839413751695e-12
4.889307992366379e-13
0.010474496646405814
-7.098047963453555e-13
-1.0668601769407639e-12
0.028730709482440525
1.2290955358049643e-12
-4.4854472581184806e-13
0.0016666666664780078
-1.111055523433505e-12
-7.235978866437735e-13
0.003991051451462785
-8.553056859753407e-13
-1.0830905760474642e-12
-6.916621309358853e-14
0.007364391461333821
-7.601313940043032e-13
-7.976431637931729e-13
3.755518759069846e-12
0.0050255033531704475
-2.1984708486713748e-13
-5.122131419537349e-13
0.015279147586523423
1.122002603764816e-12
1.487119637387644e-12
0.0016666666663580812
0.0037500000120737546
2.0341205614244565e-12
0.00458333337459076
2.0306035603676737e-12
0.0033333333329487818
2.0166670787905213e-12
0.0033333333330571625
2.0510798194982183e-12
0.0016666666664731254
7.109629276635013e-13
0.0037500000136629014
-1.2868842115873583e-13
0.004583333376547677
1.2128722612597012e-12
0.00333333333436126
3.973906515869462e-12
0.00333333333135134
0.0027104166636580302
0.008020833323389915
-7.673466938347124e-13
2.066497945129847e-12
0.0016666667311975923
9.065036650118304e-13
2.2841923954178935e-12
0.003333333694321588
-5.992267110356488e-13
2.05515890599689e-12
0.0033333333246912083
-1.6422415208576005e-14
2.023439282202302e-12
0.002185416665969408
-2.998216100754962e-13
-4.1159565479085547e-13
0.006445833332165017
-2.4170133264247867e-13
0.0016666667208764647
1.4384871154125286e-11
1.8633285868647767e-13
-1.289156554812046e-13
0.003333333695922656
3.891327922996323e-12
4.587857373260043e-12
0.0033333333187475223
0.002208333333097721
1.4127028800506916e-11
0.0034999999844869322
3.853921237970062e-12
0.004583333331633567
-7.504057812439076e-13
2.060025495699217e-12
0.0033333328531020127
3.0268653543851215e-13
2.0034852410749305e-12
0.003333333335778701
-5.814733913291732e-13
2.053908184766026e-12
0.0019583333334615045
-7.35912600918322e-13
0.002750000001257629
1.938069684826875e-12
-4.717870182657044e-13
-3.5967231880783337e-13
0.004583333333453291
1.6801792731083366e-13
4.80393060073024e-10
0.003333332375358193
1.2278844283176445e-12
3.318305377765176e-14
0.0033333333363504084
0.0016666666665628926
1.4604826192801613e-12
0.0016666666641738767
4.677223345006221e-12
0.001666666670882054
7.517546863537101e-13
2.3222815428572225e-12
0.003333333334066372
-5.404488408460358e-13
2.057706253393042e-12
0.0033333333288323055
-5.98836379811441e-14
2.0389629691131762e-12
0.0016666666665628926
-7.891094536534949e-13
0.0016666666693978356
1.3855752940415324e-12
-5.691195314716722e-13
0.0016666666620564726
1.2607047973357126e-11
-2.458124829286088e-13
9.863144045901134e-14
0.003333333336004437
1.0270126022396914e-12
3.845926644771598e-12
0.0033333333263177024
0.0016666666663875357
0.0037499999904527376
2.0176890650364083e-12
0.0045833333234466984
2.055875809146677e-12
0.0033333333304100135
2.023511553681216e-12
0.0033333333328659713
2.0331022717618444e-12
0.0016666666664917377
4.537483508923178e-12
0.0037499999870667707
-5.956053203198984e-15
0.004583333324744909
2.7546040973241312e-12
0.0033333333291630783
3.980516903477004e-12
0.0033333333311789167
0.002710416664505621
0.008020833326055183
-6.959494996273226e-13
2.1231789083388243e-12
0.001666666684277795
6.875502050803029e-13
2.1653363639514884e-12
0.003333333355836779
-5.772053036213144e-13
2.0347937688707126e-12
0.0033333333218371463
-1.0137705275222155e-14
2.042052036410328e-12
0.002185416666176613
-2.4345905974444193e-13
-2.925519947301339e-13
0.006445833332491871
2.0364369877558132e-13
0.0016666666538239176
3.250025644829685e-11
2.987180641094286e-13
-6.464372586126969e-14
0.0033333333568114705
6.4410327306917006e-12
4.338460914852817e-12
0.003333333312953102
0.0022083333331143346
9.956828216006324e-12
0.003499999988759386
3.881726096744071e-12
0.004583333331853163
-6.833030555526808e-13
2.0794757234116544e-12
0.0033333333027187563
2.1439696294403005e-13
1.9965366974863427e-12
0.0033333333361297932
-5.49122878933022e-13
2.0745828497511986e-12
0.0019583333334591137
-7.402743966110505e-13
0.002750000001208319
1.904750579978039e-12
-4.734984174084421e-13
-2.4504993471061623e-13
0.004583333333607314
4.590872263086084e-13
3.001641462248194e-11
0.0033333332740123132
1.2280490020493416e-12
1.0155725463156263e-13
0.0033333333366464
0.0016666666665628926
1.342322098181315e-12
0.0016666666643007416
4.684822272589701e-12
0.001666666670404183
7.879938146323986e-13
2.346876828299397e-12
0.003333333333882518
-4.84978424323234e-13
2.0648270349107632e-12
0.003333333328215379
-1.9577222044726585e-14
2.04734905783971e-12
0.0016666666665628926
-8.055858142636241e-13
0.0016666666693280214
1.3779192225185446e-12
-5.736292433392998e-13
0.0016666666625107037
1.1740654940439026e-11
-2.415626724225473e-13
2.201084802332961e-13
0.003333333335759423
1.02479007050462e-12
4.424187925893711e-12
0.0033333333251728534
0.0016666666663927396
0.00380208331302129
2.015384381937889e-12
0.004739583290556491
2.0617093523383707e-12
0.003333333329591752
1.9577932939905787e-12
0.003333333332876295
2.0339938305514394e-12
0.0016666666664951102
4.504448530853451e-12
0.003802083309635989
1.7428004768557785e-13
0.004739583291322534
3.539689926240702e-12
0.0033333333274468534
4.14854439531584e-12
0.0033333333309384324
0.0027104166644866348
0.00802083332596277
-6.839604005834271e-13
2.1320431779432618e-12
0.0018749999568264818
8.638442718205982e-13
2.27306390049033e-12
0.0045833330429738365
-5.503783745898427e-13
2.0738302463717382e-12
0.003333333321604247
9.634482797640916e-15
2.035741610496007e-12
0.0021854166661727332
-2.464850783782472e-13
-2.7080511100281217e-13
0.0064458333324374836
1.0152915701547348e-13
0.0018749999437167263
1.5419380886733246e-11
2.982216464459407e-13
-5.97427218139727e-14
0.004583333043624869
6.422867698686307e-12
4.632430460104078e-12
0.003333333312444561
0.002208333333114152
1.0055715916236842e-11
0.0034999999886585137
3.888045937135504e-12
0.0045833333318056
-6.635495106653002e-13
2.0824417033593173e-12
0.0016666670527357421
4.582281878070064e-13
2.0282524863721653e-12
0.003333333335982926
-5.107567759859901e-13
2.0810612632064546e-12
0.001958333333456088
-7.435310231316564e-13
0.0027500000012174205
1.8927365962795104e-12
-4.655715951864892e-13
-2.1160829832437578e-13
0.004583333333557551
4.43563605675471e-13
0.0016666662795083963
7.749674272112419e-10
1.2098727377304798e-12
1.5852530150137797e-13
0.0033333333365381
0.0016666666665628926
1.3243384518171453e-12
0.0016666666643196117
4.687794215269278e-12
0.0016666666703546039
7.909952141917037e-13
2.349614876240617e-12
0.0033333333339812267
-5.442542106676048e-13
2.0721034408195978e-12
0.0033333333283117835
-3.917977944085498e-14
2.0501635247807505e-12
0.0016666666665628926
-8.099548547839006e-13
0.0016666666692962608
1.3767968051875888e-12
-5.718036863832299e-13
0.0016666666625565528
1.1662246237639947e-11
-2.4883527039792253e-13
1.8750206051286379e-13
0.003333333335863834
1.0131800582850733e-12
4.3537699752831194e-12
0.0033333333253512763
