nickinack@Karthiks-MBP-2 assignment2 % python3 main.py  
(9563.967326909518, 22751.456524548223)
[1.75208188e+10 2.80119201e+10 2.88438799e+10 4.44320844e+10
 6.97387709e+10 8.47907485e+10 8.50376262e+10 8.95277626e+10
 8.95633265e+10 1.04841873e+11 1.58012805e+11 1.73070634e+11
 1.77945220e+11 1.84203262e+11 2.04930806e+11 2.44151852e+11
 2.53731015e+11 2.73484677e+11 2.77459474e+11 3.78336230e+11
 5.20672548e+11 5.38535482e+11 6.43653021e+11 9.91358320e+11
 1.05220503e+12] [1.82154539e+11 1.82591087e+11 1.82750358e+11 2.04667825e+11
 2.32953470e+11 2.34197553e+11 2.46516202e+11 2.60698220e+11
 2.91938088e+11 3.72895245e+11 5.08509185e+11 6.73437898e+11
 7.06492248e+11 8.02270073e+11 1.05057342e+12 1.11336913e+12
 1.12657490e+12 1.14327727e+12 1.17718774e+12 1.19921929e+12
 1.38781600e+12 1.42545157e+12 2.12587984e+12 2.15530658e+12
 3.48920176e+12]


------init---------
1.3563924890250614e-12
[1.79762113e+10 1.93584541e+10 2.54568051e+10 4.43924706e+10
 4.43924706e+10 4.43924706e+10 4.51728039e+10 4.84257853e+10
 5.53870829e+10 8.32269219e+10 8.33406763e+10 8.47907491e+10
 8.91937236e+10 1.01206998e+11 1.02472962e+11 1.12985846e+11
 1.13430899e+11 1.15820017e+11 1.94738568e+11 2.23889865e+11
 2.55968741e+11 2.67159493e+11 4.90869897e+11 7.39668713e+11
 8.09047097e+11] [1.82591087e+11 1.82817990e+11 1.82844196e+11 1.82914180e+11
 1.82922144e+11 1.83183525e+11 1.86206503e+11 2.04270628e+11
 2.04344330e+11 2.22140745e+11 2.25408941e+11 2.28232093e+11
 2.28232093e+11 2.28232093e+11 2.32035502e+11 2.42489686e+11
 2.42740322e+11 2.55627451e+11 2.80281614e+11 2.88718229e+11
 7.88734392e+11 8.77831075e+11 1.26017287e+12 1.39489743e+12
 2.04372420e+12]


[3.43891471e+10 4.01853192e+10 4.46399330e+10 4.47924384e+10
 4.48609367e+10 4.49221524e+10 4.50155384e+10 4.79727866e+10
 4.82625219e+10 4.84278378e+10 4.85157355e+10 4.85295351e+10
 7.79348574e+10 8.33406763e+10 8.39041692e+10 1.01572104e+11
 1.01675580e+11 1.07624870e+11 1.14455845e+11 1.48613635e+11
 1.58655386e+11 1.93861894e+11 5.71152451e+11 3.32849347e+14
 1.89537015e+21] [1.82922144e+11 1.85739643e+11 1.87217790e+11 1.89106315e+11
 2.04257542e+11 2.04258657e+11 2.04389823e+11 2.14189314e+11
 2.25055742e+11 2.25082678e+11 2.25381911e+11 2.25501556e+11
 2.26215270e+11 2.27586423e+11 2.27628828e+11 2.27697888e+11
 2.27755368e+11 2.28055120e+11 2.29280351e+11 2.33118351e+11
 2.42932953e+11 2.45053005e+11 2.23902599e+12 6.25801311e+14
 3.58575459e+21]


[3.41882216e+10 3.52033822e+10 4.35779958e+10 4.74635238e+10
 4.94791810e+10 7.23271638e+10 7.42792503e+10 7.79244418e+10
 8.08796933e+10 8.18600762e+10 8.33406763e+10 8.44367713e+10
 8.59430117e+10 9.49143148e+10 9.96990425e+10 9.96990425e+10
 9.98304336e+10 1.00520107e+11 1.02263461e+11 1.11002819e+11
 1.28522501e+11 1.29552167e+11 4.62076119e+11 5.00296715e+11
 7.64643140e+11] [1.82922144e+11 1.84478822e+11 1.84691746e+11 1.84721318e+11
 1.84775686e+11 1.86665139e+11 1.87624039e+11 1.88150712e+11
 1.92971105e+11 1.93234020e+11 2.03936246e+11 2.03958671e+11
 2.04222277e+11 2.04380660e+11 2.04380660e+11 2.08329864e+11
 2.09454348e+11 2.23212424e+11 2.26204039e+11 2.30612073e+11
 2.43535827e+11 2.46112302e+11 4.73793223e+11 5.59503647e+11
 8.42178736e+11]


[4.22440596e+10 4.64506957e+10 5.60579911e+10 7.42792503e+10
 8.50959769e+10 9.35236188e+10 9.49143148e+10 9.49143148e+10
 9.50799890e+10 9.55308077e+10 9.95655375e+10 1.00014567e+11
 1.00075058e+11 1.00208469e+11 1.00208469e+11 1.00208469e+11
 1.00269624e+11 1.00269624e+11 1.01875660e+11 1.20241287e+11
 1.22041219e+11 1.28835030e+11 2.94056660e+11 8.66832761e+17
 1.57856090e+30] [1.78748900e+11 1.84478822e+11 1.84478822e+11 1.84679372e+11
 1.84721318e+11 1.85206069e+11 1.87209236e+11 1.93153424e+11
 2.01808861e+11 2.03258858e+11 2.03452171e+11 2.03876884e+11
 2.03876884e+11 2.03876884e+11 2.04070827e+11 2.04070827e+11
 2.04221241e+11 2.04280755e+11 2.05786341e+11 2.10028309e+11
 2.27258528e+11 4.91756759e+11 5.53193845e+11 1.66074747e+18
 1.60635382e+30]


curr_generation:  5
best weights:  [ 0.00000000e+00 -1.50872090e-12 -2.28421115e-13  4.64763601e-11
 -1.81841548e-10 -1.77912687e-15  8.64823944e-16  2.32029177e-05
 -2.03740735e-06 -1.58483296e-08  9.75813566e-10]
best fitness:  7.115184610027361e-12
-------------
[4.14423451e+10 4.40363657e+10 4.91800079e+10 7.42792503e+10
 7.78473010e+10 8.42509153e+10 9.51230259e+10 9.90543057e+10
 9.97661894e+10 9.99655145e+10 1.00030855e+11 1.03013648e+11
 1.03514077e+11 1.03709396e+11 1.03790352e+11 1.03986531e+11
 1.04603143e+11 1.14485295e+11 1.15166140e+11 1.21932671e+11
 1.24408752e+11 1.28835030e+11 1.28835031e+11 2.70579796e+11
 4.01435204e+14] [1.74461661e+11 1.77193357e+11 1.79522207e+11 1.80640198e+11
 1.81137364e+11 1.84721318e+11 1.85370269e+11 1.85398013e+11
 1.93153424e+11 1.93153425e+11 2.03012684e+11 2.03512166e+11
 2.03532076e+11 2.03725627e+11 2.05890628e+11 2.06615712e+11
 2.06773445e+11 2.06872804e+11 2.07007651e+11 2.09178355e+11
 2.22901215e+11 2.32818914e+11 2.36348802e+11 3.23652445e+11
 7.56831740e+14]


[3.05039035e+10 3.78438182e+10 3.84678779e+10 7.43514668e+10
 7.54068366e+10 7.78473010e+10 8.39092196e+10 8.40706439e+10
 8.42626033e+10 8.57180179e+10 8.57259211e+10 9.43756291e+10
 9.67550077e+10 9.99133142e+10 1.00947445e+11 1.00990075e+11
 1.01999973e+11 1.02237332e+11 1.19183426e+11 1.21588008e+11
 1.26236550e+11 1.33721153e+11 2.76585798e+11 3.71615110e+11
 1.78015225e+21] [1.77213076e+11 1.79079714e+11 1.79997002e+11 1.80138677e+11
 1.81137364e+11 1.81890231e+11 1.81891650e+11 1.82939827e+11
 1.83413962e+11 1.84606097e+11 1.84636794e+11 1.84780862e+11
 1.85399761e+11 2.00419048e+11 2.03467901e+11 2.06939970e+11
 2.06983317e+11 2.07915181e+11 2.08820267e+11 2.17937219e+11
 2.44086475e+11 2.66147283e+11 2.95515249e+11 3.65208087e+11
 3.36777820e+21]


[6.96351768e+10 7.49424619e+10 7.50207394e+10 7.54068366e+10
 7.54068366e+10 7.77537259e+10 7.78473010e+10 7.78473010e+10
 8.07405545e+10 8.13394618e+10 8.35398714e+10 8.39859769e+10
 8.71831542e+10 8.75846179e+10 8.76747406e+10 8.85071291e+10
 9.14931077e+10 9.38968486e+10 9.40044082e+10 9.63818249e+10
 9.65364798e+10 9.73675042e+10 1.14129218e+11 2.71387302e+11
 3.51907877e+11] [1.77614722e+11 1.78841643e+11 1.79748401e+11 1.79808358e+11
 1.79981766e+11 1.81137364e+11 1.81137364e+11 1.81164489e+11
 1.81710715e+11 1.81754865e+11 1.81891650e+11 1.81891650e+11
 1.82070950e+11 1.83332642e+11 1.83338333e+11 1.83364909e+11
 1.84819026e+11 1.85827329e+11 1.85931706e+11 1.86010947e+11
 1.98978778e+11 1.99121668e+11 1.99762534e+11 1.36344202e+12
 1.59109272e+12]


[3.43005099e+10 5.84278599e+10 7.50207394e+10 7.50523216e+10
 7.51626604e+10 7.54102709e+10 7.58183478e+10 7.65392623e+10
 7.76251583e+10 7.77376604e+10 7.78473010e+10 7.78473010e+10
 7.78737757e+10 7.79399879e+10 7.80828753e+10 7.81094755e+10
 8.13341795e+10 8.22488705e+10 8.35398714e+10 8.35398714e+10
 8.68570518e+10 8.79381000e+10 9.29322894e+10 2.86854563e+14
 2.04863021e+21] [1.77311456e+11 1.78841643e+11 1.78841643e+11 1.79233553e+11
 1.79809863e+11 1.81064282e+11 1.81071631e+11 1.81111393e+11
 1.81129918e+11 1.81137364e+11 1.81137364e+11 1.81175521e+11
 1.81253160e+11 1.81374739e+11 1.81890094e+11 1.81974470e+11
 1.82057717e+11 1.82070950e+11 1.82747075e+11 1.83242638e+11
 1.84892467e+11 1.90463259e+11 2.19702363e+11 5.38051432e+14
 3.87570233e+21]


[4.83177480e+10 4.86064256e+10 5.01748420e+10 5.80498709e+10
 5.80498709e+10 5.80498709e+10 5.84278599e+10 7.24545391e+10
 7.54466009e+10 7.57645846e+10 7.62299225e+10 7.62442731e+10
 7.64922420e+10 7.71293851e+10 7.74236388e+10 7.75081521e+10
 7.76052144e+10 7.79889204e+10 7.84594514e+10 7.85709094e+10
 8.38776463e+10 1.71026695e+11 1.16256071e+12 3.06382992e+14
 1.88500370e+21] [1.78744026e+11 1.80919489e+11 1.80959451e+11 1.81267667e+11
 1.81274581e+11 1.81288259e+11 1.81321334e+11 1.81328560e+11
 1.81384141e+11 1.81419754e+11 1.81503344e+11 1.81506082e+11
 1.81877047e+11 1.83015759e+11 1.90463259e+11 1.90724923e+11
 1.90724923e+11 1.90724923e+11 1.97252581e+11 1.98823235e+11
 1.99128484e+11 1.08567202e+12 1.39316798e+12 5.75343305e+14
 3.56614215e+21]


curr_generation:  10
best weights:  [ 0.00000000e+00  1.28497768e-07 -2.26332564e-13  4.66106181e-11
 -1.83244298e-10 -1.69513097e-15  8.63764725e-16  2.33255557e-05
 -2.03719100e-06 -1.58220006e-08  9.73685024e-10]
best fitness:  7.264849577008466e-12
-------------
[1.80195953e+10 2.55733231e+10 4.86106716e+10 5.12795467e+10
 5.66505806e+10 5.71604870e+10 5.80447390e+10 5.80498709e+10
 5.80498709e+10 5.84278599e+10 5.87154979e+10 7.53517905e+10
 7.54466009e+10 7.54466009e+10 7.56166105e+10 7.57506052e+10
 7.62253210e+10 7.64936148e+10 7.80177155e+10 7.80441287e+10
 7.86225144e+10 7.99639928e+10 1.53835193e+11 2.42342602e+11
 1.49792634e+12] [1.80716347e+11 1.81235441e+11 1.81263777e+11 1.81266306e+11
 1.81506514e+11 1.81509687e+11 1.81512988e+11 1.81557503e+11
 1.81632102e+11 1.81877047e+11 1.81877047e+11 1.90259225e+11
 1.90463259e+11 1.90724923e+11 1.90724923e+11 1.90728503e+11
 1.91357829e+11 1.91759734e+11 1.96195768e+11 1.98818773e+11
 2.37537844e+11 2.72124374e+11 3.31212493e+11 1.02465474e+12
 1.88387750e+12]


best fitness achieved 7.264849577008466e-12