nickinack@Karthiks-MBP-2 assignment2 % python3 main.py
(9563.967326909518, 22751.456524548223)
[1.41597312e+10 1.46545171e+10 1.55853087e+10 1.63302240e+10
 2.00163851e+10 2.12508055e+10 2.25452124e+10 3.78404529e+10
 5.06983828e+10 9.28341474e+10 9.48331667e+10 1.06492880e+11
 1.08248804e+11 1.09958191e+11 1.46285501e+11 1.48810300e+11
 1.52239954e+11 2.13816637e+11 2.44070899e+11 3.63781155e+11
 4.47901766e+11 1.23008153e+12] [1.74193112e+11 1.84693098e+11 1.89798403e+11 2.04280681e+11
 2.18999731e+11 2.47261958e+11 2.64539270e+11 3.08757996e+11
 3.17944398e+11 3.18615507e+11 3.78781626e+11 3.80896624e+11
 3.94736464e+11 4.52345453e+11 5.97324055e+11 8.24836005e+11
 8.32641088e+11 8.63195889e+11 1.03344057e+12 1.29531885e+12
 1.50205144e+12 1.91984444e+12]


------init---------
4.211495710210289e-12
[1.43911255e+10 1.44240668e+10 1.55015511e+10 1.62862763e+10
 1.69282021e+10 1.92996746e+10 1.94459403e+10 1.94892708e+10
 1.97318509e+10 2.03700249e+10 2.40488783e+10 2.43294479e+10
 2.49417609e+10 2.98201781e+10 5.15539429e+10 5.17642663e+10
 5.47575908e+10 6.00638314e+10 6.10552938e+10 1.00194177e+11
 1.02381117e+11 1.47122783e+11] [1.73676425e+11 1.83043760e+11 1.83506398e+11 1.87404590e+11
 1.88783220e+11 1.89333817e+11 2.17778242e+11 2.46148739e+11
 2.76979930e+11 2.78025879e+11 2.79146016e+11 2.79648526e+11
 3.00387310e+11 3.11360885e+11 3.19309561e+11 3.23806278e+11
 3.76030703e+11 3.95388650e+11 4.20393306e+11 4.62067968e+11
 4.94853873e+11 6.86926932e+11]


[1.42645090e+10 1.49594260e+10 1.56774533e+10 1.57136902e+10
 1.63307995e+10 1.92598800e+10 2.07726148e+10 2.47814004e+10
 2.52677841e+10 2.75369391e+10 2.89445045e+10 4.72787424e+10
 5.13126379e+10 5.15491122e+10 5.17691191e+10 5.50184760e+10
 5.85372451e+10 7.50208967e+10 9.25555294e+10 1.27118799e+11
 1.53354690e+11 1.87967862e+21] [1.79128489e+11 1.82070414e+11 1.84322744e+11 1.87264832e+11
 1.88770566e+11 1.89346514e+11 1.89496477e+11 1.91355590e+11
 1.93386197e+11 2.20378246e+11 2.26802347e+11 2.34252728e+11
 2.41488716e+11 2.72341774e+11 2.77920493e+11 3.00479227e+11
 3.18953569e+11 3.26687095e+11 3.27218086e+11 3.37450583e+11
 3.63820579e+11 3.55606856e+21]


[1.99245181e+10 2.51805761e+10 2.91583999e+10 2.97332986e+10
 3.96348023e+10 4.25883339e+10 4.62410662e+10 4.83595097e+10
 5.07968087e+10 5.19982060e+10 5.28011374e+10 5.34025990e+10
 5.50834130e+10 5.53362847e+10 5.55862509e+10 7.40978362e+10
 7.70460709e+10 8.68042927e+10 8.70618204e+10 1.10667485e+11
 1.28019916e+11 3.38753789e+14] [1.77973797e+11 1.78812517e+11 1.79225516e+11 1.81773719e+11
 1.81777251e+11 1.84439772e+11 1.86475446e+11 1.86968939e+11
 1.87070940e+11 1.88396002e+11 1.88429922e+11 1.88646462e+11
 1.89853127e+11 1.92417757e+11 1.94601696e+11 1.98006409e+11
 2.07492305e+11 2.26053373e+11 2.28231017e+11 2.41826779e+11
 4.59818514e+11 6.36445740e+14]


[2.44461825e+10 2.94324067e+10 4.09164448e+10 4.17413304e+10
 4.36186440e+10 4.36939307e+10 4.53543103e+10 4.57218950e+10
 4.81949246e+10 5.14565267e+10 5.20146596e+10 5.20567954e+10
 5.22308055e+10 5.22736763e+10 5.33846420e+10 6.04599566e+10
 8.45250104e+10 8.96301179e+10 9.39971770e+10 9.64170797e+10
 9.90977748e+10 9.95673326e+10] [1.59626672e+11 1.81998833e+11 1.82183631e+11 1.82539889e+11
 1.82833287e+11 1.83239490e+11 1.84446031e+11 1.88432265e+11
 1.88643499e+11 1.88681763e+11 1.88839066e+11 1.88877647e+11
 1.89314179e+11 1.92515200e+11 1.94576985e+11 1.94939053e+11
 1.96571043e+11 1.96689749e+11 1.98954889e+11 2.05775868e+11
 2.26656618e+11 2.43262101e+11]


curr_generation:  5
best weights:  [ 0.00000000e+00 -1.44294422e-12 -2.27060703e-13  4.61278241e-11
 -1.74561315e-10 -1.76505107e-15  8.13032734e-16  2.38047071e-05
 -2.02635871e-06 -1.58890160e-08  9.70063511e-10]
best fitness:  8.324142999829422e-12
-------------
[3.97743646e+10 3.99603547e+10 3.99672754e+10 4.09865228e+10
 4.26148528e+10 4.28266782e+10 4.35939261e+10 4.37072764e+10
 4.37197050e+10 4.49792896e+10 4.53405596e+10 5.19374115e+10
 5.19526530e+10 5.20391996e+10 5.20788118e+10 5.21429550e+10
 5.33607547e+10 5.36236152e+10 5.36332857e+10 5.39092834e+10
 8.05217198e+17 1.78613707e+21] [1.87662736e+11 1.88003877e+11 1.88346610e+11 1.88436189e+11
 1.88677063e+11 1.88686754e+11 1.88764815e+11 1.88942243e+11
 1.89027046e+11 1.94950362e+11 1.95253285e+11 1.96531347e+11
 1.96575388e+11 1.96729683e+11 1.97529058e+11 1.98049216e+11
 2.01504956e+11 2.01518863e+11 2.01904989e+11 2.05642637e+11
 1.54268383e+18 3.37910057e+21]


[3.95091899e+10 3.95113978e+10 3.98508477e+10 4.11522182e+10
 4.15200459e+10 4.16662527e+10 4.21384870e+10 4.24555495e+10
 4.32135419e+10 4.38042394e+10 4.38109442e+10 4.38838816e+10
 4.38921126e+10 4.41425886e+10 4.41729942e+10 4.62233332e+10
 4.63423330e+10 4.65965553e+10 4.69394635e+10 5.05444154e+10
 5.22569468e+10 5.51681666e+10] [1.87149504e+11 1.88537837e+11 1.90755462e+11 1.93809310e+11
 1.93982049e+11 1.94165115e+11 1.94223264e+11 1.95951234e+11
 1.96018999e+11 1.96372003e+11 1.96372331e+11 1.96376140e+11
 1.96376592e+11 1.97189832e+11 1.98480998e+11 1.99314336e+11
 1.99538308e+11 2.00106872e+11 2.01788039e+11 2.02315223e+11
 2.02497823e+11 2.03491903e+11]


[3.95474328e+10 3.98457493e+10 3.98672809e+10 3.99027736e+10
 4.12007313e+10 4.16544708e+10 4.37192944e+10 4.37562198e+10
 4.37643273e+10 4.38181253e+10 4.38935896e+10 4.39298373e+10
 4.40049327e+10 4.40383532e+10 4.40436396e+10 4.41410089e+10
 4.64268162e+10 4.65573099e+10 4.65846171e+10 4.69881930e+10
 5.47949565e+10 1.45227878e+11] [1.75663968e+11 1.84432244e+11 1.93849081e+11 1.94034827e+11
 1.94048700e+11 1.94112848e+11 1.96021167e+11 1.96061925e+11
 1.96135039e+11 1.96194583e+11 1.96314373e+11 1.96374395e+11
 1.96427628e+11 1.96443919e+11 1.96576934e+11 1.96617948e+11
 1.99329600e+11 2.00039669e+11 2.01707853e+11 2.01764504e+11
 2.01795345e+11 2.02430981e+11]


[4.04229840e+10 4.14867172e+10 4.22957973e+10 4.37720748e+10
 4.37950338e+10 4.38150544e+10 4.40063736e+10 4.40945369e+10
 4.41317471e+10 4.41395480e+10 4.43146934e+10 4.43158383e+10
 4.47660795e+10 4.50867866e+10 4.64314818e+10 4.64371442e+10
 4.66068283e+10 4.74998640e+10 5.44759167e+10 5.48364056e+10
 2.17855587e+11 1.88837403e+21] [1.84397786e+11 1.84700992e+11 1.93512566e+11 1.94024144e+11
 1.94107106e+11 1.94109527e+11 1.95092156e+11 1.95758586e+11
 1.95761471e+11 1.95820644e+11 1.95965688e+11 1.96023010e+11
 1.96031335e+11 1.96192728e+11 1.96293237e+11 1.96419186e+11
 1.96630871e+11 1.98098360e+11 1.98988263e+11 2.00721345e+11
 1.21581193e+12 3.57251895e+21]


[4.07680311e+10 4.08333270e+10 4.10830766e+10 4.18541763e+10
 4.21112833e+10 4.23307424e+10 4.35437776e+10 4.37700618e+10
 4.38062197e+10 4.38177499e+10 4.40084075e+10 4.40221430e+10
 4.41071158e+10 4.42334529e+10 4.42461917e+10 4.43013147e+10
 4.65577838e+10 5.36144966e+10 5.44816777e+10 5.48306171e+10
 4.85976292e+11 1.91156953e+21] [1.84402613e+11 1.84696105e+11 1.85447043e+11 1.94019785e+11
 1.95771160e+11 1.95800783e+11 1.95805376e+11 1.95952897e+11
 1.96190782e+11 1.96208722e+11 1.96242562e+11 1.96421151e+11
 1.96448077e+11 1.96666161e+11 1.98035614e+11 1.98293825e+11
 1.98621066e+11 1.99635573e+11 1.99975185e+11 2.00082568e+11