nickinack@Karthiks-MBP-2 assignment2 % python3 main.py
(9563.967326909518, 22751.456524548223)
[1519642640833.106, 73840493270.34546, 1661006471679.7815, 3236203999201.4614, 60537876329.411766, 569337411258.9167, 20460816241.821476, 362970068863.2985, 14867571550.844715, 1404490241726.5347, 1021375272627.445, 352110773204.1195, 1581550513549.3267, 41244617951.08359, 61386956986.45451, 45830559285.07683, 146374383336.1754, 203534716761.82684, 278309244212.1181, 57712233411.220505, 23208157717.490707, 1934404391295.737, 177872427934.14218] [1883129440281.2095, 721331616453.487, 2057763284224.065, 8521545063307.831, 184868605581.95197, 2251278418713.8994, 297653921213.24725, 1688790997274.9634, 373513853639.0166, 4299306614306.1787, 1180288018698.4233, 1695314786119.9277, 1996787483753.6516, 543767570595.18634, 709208971131.7216, 640814315628.2051, 187038172840.25354, 1168317703280.3293, 1432820752649.2983, 672087353559.8309, 271796862508.20477, 5664431514446.019, 182299413234.5879]
Lowest Val error:  182299413234.5879
Corresponding Train error:  177872427934.14218


------init---------
5.754618286680355e-13
[60537876329.411766, 14805856924.696604, 96182452078.36734, 136238799108.47705, 198257834811.16, 116666782208.97159, 41540557138.197876, 17140885089.729107, 357708904700.8605, 22916781526.302937, 60979181762.73525, 196881471172.3639, 14940148213.290356, 61697401954.6922, 185592989576.80084, 219319715708.45514, 1.8193062029509387e+21, 60891792814.53706, 41226674882.29594, 20223855606.493263, 14380598550.849636, 27366618907.727585, 48948489824.96743] [184868605581.95197, 404174068322.56396, 169571946562.55466, 188875511544.31894, 186524930063.04944, 162871628175.96616, 207006819910.0252, 449796715053.2191, 357234287199.26624, 273332832763.41714, 687457461657.719, 187918532420.0785, 401346580074.3981, 690565618213.1263, 185551749704.1006, 206082592634.62952, 3.441848815689423e+21, 707105872828.282, 545584182286.91144, 284469398280.1329, 355730400112.3944, 253138034681.2718, 578569915402.9911]
Lowest Val error:  162871628175.96616
Corresponding Train error:  116666782208.97159


[60537876329.411766, 284006771866.60815, 15617242062.30343, 566930881063.1843, 69487442566.43329, 96135631551.79646, 28659987594.207264, 76528292146.23975, 175920951997.77704, 79847378836.13876, 15907580657.469763, 49561318986.99836, 125607575150.70975, 70740708294.23064, 120768875197.70679, 17541774457.851063, 55032934194.88295, 24578103163.33181, 277293437280.9517, 58481425276.75051, 42874670472.48627, 140682819951.3703, 39525122746.37487] [184868605581.95197, 289029711363.5329, 366156215974.09503, 572112408292.204, 180829867611.5083, 163460142909.20236, 242963512056.80475, 176753844371.72995, 181785955314.8005, 193993143475.79974, 359203006856.5508, 194406339444.87543, 162024147083.22418, 179736939814.2978, 182384967776.08154, 449106723280.138, 181898425688.4981, 434484926592.67834, 284089132292.57404, 185933968461.55212, 204121044192.8629, 143836466281.57224, 624088757349.4661]
Lowest Val error:  143836466281.57224
Corresponding Train error:  140682819951.3703


[55032934194.88295, 110928128150.17484, 149692378466.07285, 165334170198.7665, 59403440799.960106, 95242927327.6824, 76111850828.40971, 103466499228.32545, 70716870324.32199, 46642984791.96352, 167031875218.11423, 125764251095.95532, 116736714973.1073, 63143458180.919174, 116839939146.35661, 125922672997.09578, 27275872704.68273, 140682819951.3703, 782043246699.0962, 70505167686.6406, 76776057981.60614, 15855787751.646854, 15657689283.296656] [181898425688.4981, 195629859052.28848, 135111623693.4697, 144157291336.01523, 184748675386.75827, 163496587012.14423, 175303925775.30658, 159858636176.88968, 182062759880.43314, 205974738656.9031, 144338738942.62674, 161784199667.24814, 181383981283.09625, 183273842329.5071, 181059656733.33215, 184605400782.96863, 249483825819.65826, 143836466281.57224, 788457202571.9274, 179872105791.49783, 176639872764.63666, 360297014107.22156, 365041199342.0189]
Lowest Val error:  135111623693.4697
Corresponding Train error:  149692378466.07285


[55032934194.88295, 406834796331.8998, 126172931166.3097, 80484172701.31308, 72304727696.40324, 62543379986.439026, 75038654238.00774, 89671612718.84312, 82454597254.06891, 60602474342.77899, 74182360576.08995, 1.340987901421707e+30, 63707195338.80414, 1.389341774059096e+30, 73627970180.69446, 66340003574.11902, 63251092107.44531, 90625560455.38681, 66819013286.73264, 81573917890.68369, 133368933302.29984, 73744737746.8726, 136126320094.59232] [181898425688.4981, 416139522315.92444, 140296802936.88306, 169374477058.05252, 177798765656.03436, 190929868382.4959, 177620916144.826, 165632661820.84253, 167564981873.33255, 193440602519.74957, 179121669317.27704, 1.3645979946275322e+30, 189453916637.143, 1.4138032093738907e+30, 177735222130.07803, 181252627408.35593, 182608845244.69748, 165416143007.81436, 180083929550.53696, 167839675355.93195, 138562600973.8537, 178762740932.779, 144680209434.2939]
Lowest Val error:  138562600973.8537
Corresponding Train error:  133368933302.29984


curr_generation:  5
best weights:  [ 0.00000000e+00 -1.42526969e-12 -2.34563575e-13  4.64802256e-11
 -1.73298442e-10 -1.88838139e-15  8.72354674e-16  2.35829522e-05
 -1.98091447e-06 -1.62592925e-08  9.62327725e-10]
best fitness:  7.624727440246197e-12
-------------
[55032934194.88295, 95375149500.24628, 78858621451.17383, 73044575038.05, 137354206181.9161, 80959552438.43755, 93776692553.70096, 56876334059.91809, 93107797846.77728, 80300310072.18315, 83757980253.09593, 81018726162.0951, 71810453193.84837, 132666300734.6951, 67281087535.66898, 14452202183.853352, 63413082017.19749, 55029463061.24076, 115920994156.8415, 81926389992.92085, 89291064990.3755, 53573977976.67506, 92931033205.76077] [181898425688.4981, 159701204129.1901, 169303482062.56293, 177591637035.06314, 136888809575.1943, 168297743293.2388, 160418575093.15045, 192094434293.3821, 160749374405.12054, 168253391765.12732, 167174906787.31665, 168875763506.15033, 178359677014.46625, 138722162140.86475, 179516759773.2873, 351014363268.96, 182487881024.72864, 181902510525.1785, 180128389571.3557, 167728637732.1217, 165721407557.87506, 183700590117.21988, 165475070454.32135]
Lowest Val error:  136888809575.1943
Corresponding Train error:  137354206181.9161


[55032959176.54181, 54432501392.56039, 61060370163.649315, 84176351202.80345, 157784673825.80573, 7.711599851757455e+17, 1127768570498.8237, 55447440779.52317, 80370333000.47368, 56929033136.330246, 4.446699534125825e+30, 78308750887.62564, 81522413090.10597, 81352709719.69162, 93412372079.72829, 80300310072.18315, 80300310072.18315, 86555149938.81636, 136199132637.53362, 94950598599.20193, 94198151148.54488, 53064429213.56662, 83598559751.54579] [181898413364.39227, 182815893182.8941, 174656763394.86133, 169189027919.925, 157972506240.88187, 1.4773743525899067e+18, 1186214286186.0208, 181335717076.78278, 168845722297.7134, 179122677818.46518, 4.5249903162568906e+30, 169576676340.93353, 168038260901.23624, 168608105289.14288, 160613818923.63443, 168253391765.12732, 168253391765.12732, 168435250973.20978, 137533976332.046, 159887762791.8383, 160225453434.16266, 185053206105.30463, 168561318288.19653]
Lowest Val error:  137533976332.046
Corresponding Train error:  136199132637.53362


[61060370163.649315, 78994825923.263, 60632984534.52059, 59330509415.827225, 80605379308.24884, 89419665108.1206, 60800455864.44802, 437679872114.88617, 59633096157.533035, 315457720422746.7, 78121966291.65689, 57074892860.384766, 77199309725.62512, 89061991219.17413, 58838889603.140625, 80405292774.23676, 81317436538.01982, 77897940741.31552, 57030135399.54469, 61273480392.36316, 515905966807.2997, 86162232681.84244, 22519433980.42406] [174656763394.86133, 168702798102.8753, 174561500719.80234, 176269961398.27737, 169911172225.59177, 159865697945.70337, 174943163689.44815, 358688498280.94855, 175464601345.9417, 591590648364331.0, 169557268390.84326, 179136071190.69843, 168268366700.25064, 159904663277.93585, 176569728610.20355, 168836828014.21878, 168616198933.44263, 168238566792.97296, 179223190532.2519, 174459139989.12756, 486840879435.30927, 170985004467.71555, 285237785244.31805]
Lowest Val error:  159865697945.70337
Corresponding Train error:  89419665108.1206


[60632984534.52059, 86896911669.1162, 60645592565.6261, 60808730220.38015, 60978884341.54923, 61056967361.22003, 60803844916.81576, 60983778821.8405, 60703307848.40907, 93306805150.63687, 58390207706.66278, 168376169135.42853, 31783508279.490547, 60696543900.45033, 61378475844.87543, 47815875846.06252, 59633096157.53113, 60990566061.559265, 59102925698.45139, 86055308987.12096, 63102142499.18689, 59565078202.04138, 63674493743.84065] [174561500719.80234, 160059393957.15918, 175151581354.43936, 174932360321.68573, 174687569555.7125, 174660487975.83612, 174939404306.59552, 174680543938.51483, 175042663197.34076, 159606470864.12796, 177830653053.5269, 197143462289.56912, 279266234081.66223, 175051438094.75882, 174353649283.34003, 184358255793.5528, 175464601345.94415, 174671822628.4462, 176308250519.60965, 160211779705.0647, 171929532534.72418, 175956829408.44113, 172972544113.5296]
Lowest Val error:  159606470864.12796
Corresponding Train error:  93306805150.63687


[63102142516.01884, 59915521951.35696, 63062765335.52495, 60499229599.179955, 59878393985.316795, 59721861178.90242, 59647582660.28951, 60716134627.045044, 60634386726.031044, 60984129385.3221, 60978533797.74197, 60749287873.885544, 63554424467.99418, 60859610578.17489, 23626002976.596962, 59736373375.544876, 59736373375.969604, 62992151901.63979, 59736373375.544876, 60717853293.55387, 583670701199.318, 61394171224.77063, 60618328057.27742] [171929532541.2175, 175202050644.19547, 171965985990.51562, 174706610938.92908, 175244261440.20792, 175363797458.26862, 175448110457.1812, 174792590146.51596, 174565484504.8156, 174680040767.763, 174688072765.84637, 174497966986.67056, 173032497045.28543, 174833389356.82547, 443842777996.6935, 175347372137.11588, 175347372136.87335, 172029630028.67578, 175347372137.11588, 174797276485.80905, 525975178275.4987, 174350705430.65836, 174567019309.32077]
Lowest Val error:  171929532541.2175
Corresponding Train error:  63102142516.01884


curr_generation:  10
best weights:  [ 0.00000000e+00 -2.69295811e-06 -2.31178262e-13 -2.42577830e-06
 -1.72092739e-10 -1.86389268e-15  8.70606783e-16  2.35168123e-05
 -1.98440525e-06 -1.62329672e-08  9.62136887e-10]
best fitness:  7.788248335895603e-12
-------------
[63102142516.01884, 60558759406.5543, 379309885672.74207, 59926569626.970665, 60622026767.47377, 61041217218.96779, 59609370058.55, 59901330664.760765, 60648848673.0104, 59881186851.39628, 59733590497.012184, 60602365695.795715, 59895430155.59933, 749854015809.8911, 63844907235.70122, 59866550122.0896, 60684337765.77012, 59738800230.7932, 59719435142.60393, 60748791612.58437, 796695263321.032, 59597635260.01237, 60856665757.347755] [171929532541.2175, 174619260487.6314, 348120926227.18243, 175392133728.2883, 174562691981.1988, 174260262446.55948, 175484880477.13483, 175215079383.34744, 174553140351.9861, 175242249327.93634, 175349408162.03918, 174581125776.25287, 175228648153.6403, 702795962122.3513, 171206192950.99628, 175247087895.1358, 174522923989.0588, 175344626860.99323, 175366544824.24396, 174995644430.79416, 851461862336.3167, 175427263704.0617, 174714347731.45853]
Lowest Val error:  171206192950.99628
Corresponding Train error:  63844907235.70122